1089
0 0 0 0
1 0 3.125 0
2 0 6.25 0
3 0 9.375 0
4 0 12.5 0
5 0 15.625 0
6 0 18.75 0
7 0 21.875 0
8 0 25 0
9 0 28.125 0
10 0 31.25 0
11 0 34.375 0
12 0 37.5 0
13 0 40.625 0
14 0 43.75 0
15 0 46.875 0
16 0 50 0
17 0 53.125 0
18 0 56.25 0
19 0 59.375 0
20 0 62.5 0
21 0 65.625 0
22 0 68.75 0
23 0 71.875 0
24 0 75 0
25 0 78.125 0
26 0 81.25 0
27 0 84.375 0
28 0 87.5 0
29 0 90.625 0
30 0 93.75 0
31 0 96.875 0
32 0 100 0
33 3.125 0 0
34 3.125 3.125 0
35 3.125 6.25 0
36 3.125 9.375 0
37 3.125 12.5 0
38 3.125 15.625 0
39 3.125 18.75 0
40 3.125 21.875 0
41 3.125 25 0
42 3.125 28.125 0
43 3.125 31.25 0
44 3.125 34.375 0
45 3.125 37.5 0
46 3.125 40.625 0
47 3.125 43.75 0
48 3.125 46.875 0
49 3.125 50 0
50 3.125 53.125 0
51 3.125 56.25 0
52 3.125 59.375 0
53 3.125 62.5 0
54 3.125 65.625 0
55 3.125 68.75 0
56 3.125 71.875 0
57 3.125 75 0
58 3.125 78.125 0
59 3.125 81.25 0
60 3.125 84.375 0
61 3.125 87.5 0
62 3.125 90.625 0
63 3.125 93.75 0
64 3.125 96.875 0
65 3.125 100 0
66 6.25 0 0
67 6.25 3.125 0
68 6.25 6.25 0
69 6.25 9.375 0
70 6.25 12.5 0
71 6.25 15.625 0
72 6.25 18.75 0
73 6.25 21.875 0
74 6.25 25 0
75 6.25 28.125 0
76 6.25 31.25 0
77 6.25 34.375 0
78 6.25 37.5 0
79 6.25 40.625 0
80 6.25 43.75 0
81 6.25 46.875 0
82 6.25 50 0
83 6.25 53.125 0
84 6.25 56.25 0
85 6.25 59.375 0
86 6.25 62.5 0
87 6.25 65.625 0
88 6.25 68.75 0
89 6.25 71.875 0
90 6.25 75 0
91 6.25 78.125 0
92 6.25 81.25 0
93 6.25 84.375 0
94 6.25 87.5 0
95 6.25 90.625 0
96 6.25 93.75 0
97 6.25 96.875 0
98 6.25 100 0
99 9.375 0 0
100 9.375 3.125 0
101 9.375 6.25 0
102 9.375 9.375 0
103 9.375 12.5 0
104 9.375 15.625 0
105 9.375 18.75 0
106 9.375 21.875 0
107 9.375 25 0
108 9.375 28.125 0
109 9.375 31.25 0
110 9.375 34.375 0
111 9.375 37.5 0
112 9.375 40.625 0
113 9.375 43.75 0
114 9.375 46.875 0
115 9.375 50 0
116 9.375 53.125 0
117 9.375 56.25 0
118 9.375 59.375 0
119 9.375 62.5 0
120 9.375 65.625 0
121 9.375 68.75 0
122 9.375 71.875 0
123 9.375 75 0
124 9.375 78.125 0
125 9.375 81.25 0
126 9.375 84.375 0
127 9.375 87.5 0
128 9.375 90.625 0
129 9.375 93.75 0
130 9.375 96.875 0
131 9.375 100 0
132 12.5 0 0
133 12.5 3.125 0
134 12.5 6.25 0
135 12.5 9.375 0
136 12.5 12.5 0
137 12.5 15.625 0
138 12.5 18.75 0
139 12.5 21.875 0
140 12.5 25 0
141 12.5 28.125 0
142 12.5 31.25 0
143 12.5 34.375 0
144 12.5 37.5 0
145 12.5 40.625 0
146 12.5 43.75 0
147 12.5 46.875 0
148 12.5 50 0
149 12.5 53.125 0
150 12.5 56.25 0
151 12.5 59.375 0
152 12.5 62.5 0
153 12.5 65.625 0
154 12.5 68.75 0
155 12.5 71.875 0
156 12.5 75 0
157 12.5 78.125 0
158 12.5 81.25 0
159 12.5 84.375 0
160 12.5 87.5 0
161 12.5 90.625 0
162 12.5 93.75 0
163 12.5 96.875 0
164 12.5 100 0
165 15.625 0 0
166 15.625 3.125 0
167 15.625 6.25 0
168 15.625 9.375 0
169 15.625 12.5 0
170 15.625 15.625 0
171 15.625 18.75 0
172 15.625 21.875 0
173 15.625 25 0
174 15.625 28.125 0
175 15.625 31.25 0
176 15.625 34.375 0
177 15.625 37.5 0
178 15.625 40.625 0
179 15.625 43.75 0
180 15.625 46.875 0
181 15.625 50 0
182 15.625 53.125 0
183 15.625 56.25 0
184 15.625 59.375 0
185 15.625 62.5 0
186 15.625 65.625 0
187 15.625 68.75 0
188 15.625 71.875 0
189 15.625 75 0
190 15.625 78.125 0
191 15.625 81.25 0
192 15.625 84.375 0
193 15.625 87.5 0
194 15.625 90.625 0
195 15.625 93.75 0
196 15.625 96.875 0
197 15.625 100 0
198 18.75 0 0
199 18.75 3.125 0
200 18.75 6.25 0
201 18.75 9.375 0
202 18.75 12.5 0
203 18.75 15.625 0
204 18.75 18.75 0
205 18.75 21.875 0
206 18.75 25 0
207 18.75 28.125 0
208 18.75 31.25 0
209 18.75 34.375 0
210 18.75 37.5 0
211 18.75 40.625 0
212 18.75 43.75 0
213 18.75 46.875 0
214 18.75 50 0
215 18.75 53.125 0
216 18.75 56.25 0
217 18.75 59.375 0
218 18.75 62.5 0
219 18.75 65.625 0
220 18.75 68.75 0
221 18.75 71.875 0
222 18.75 75 0
223 18.75 78.125 0
224 18.75 81.25 0
225 18.75 84.375 0
226 18.75 87.5 0
227 18.75 90.625 0
228 18.75 93.75 0
229 18.75 96.875 0
230 18.75 100 0
231 21.875 0 0
232 21.875 3.125 0
233 21.875 6.25 0
234 21.875 9.375 0
235 21.875 12.5 0
236 21.875 15.625 0
237 21.875 18.75 0
238 21.875 21.875 0
239 21.875 25 0
240 21.875 28.125 0
241 21.875 31.25 0
242 21.875 34.375 0
243 21.875 37.5 0
244 21.875 40.625 0
245 21.875 43.75 0
246 21.875 46.875 0
247 21.875 50 0
248 21.875 53.125 0
249 21.875 56.25 0
250 21.875 59.375 0
251 21.875 62.5 0
252 21.875 65.625 0
253 21.875 68.75 0
254 21.875 71.875 0
255 21.875 75 0
256 21.875 78.125 0
257 21.875 81.25 0
258 21.875 84.375 0
259 21.875 87.5 0
260 21.875 90.625 0
261 21.875 93.75 0
262 21.875 96.875 0
263 21.875 100 0
264 25 0 0
265 25 3.125 0
266 25 6.25 0
267 25 9.375 0
268 25 12.5 0
269 25 15.625 0
270 25 18.75 0
271 25 21.875 0
272 25 25 0
273 25 28.125 0
274 25 31.25 0
275 25 34.375 0
276 25 37.5 0
277 25 40.625 0
278 25 43.75 0
279 25 46.875 0
280 25 50 0
281 25 53.125 0
282 25 56.25 0
283 25 59.375 0
284 25 62.5 0
285 25 65.625 0
286 25 68.75 0
287 25 71.875 0
288 25 75 0
289 25 78.125 0
290 25 81.25 0
291 25 84.375 0
292 25 87.5 0
293 25 90.625 0
294 25 93.75 0
295 25 96.875 0
296 25 100 0
297 28.125 0 0
298 28.125 3.125 0
299 28.125 6.25 0
300 28.125 9.375 0
301 28.125 12.5 0
302 28.125 15.625 0
303 28.125 18.75 0
304 28.125 21.875 0
305 28.125 25 0
306 28.125 28.125 0
307 28.125 31.25 0
308 28.125 34.375 0
309 28.125 37.5 0
310 28.125 40.625 0
311 28.125 43.75 0
312 28.125 46.875 0
313 28.125 50 0
314 28.125 53.125 0
315 28.125 56.25 0
316 28.125 59.375 0
317 28.125 62.5 0
318 28.125 65.625 0
319 28.125 68.75 0
320 28.125 71.875 0
321 28.125 75 0
322 28.125 78.125 0
323 28.125 81.25 0
324 28.125 84.375 0
325 28.125 87.5 0
326 28.125 90.625 0
327 28.125 93.75 0
328 28.125 96.875 0
329 28.125 100 0
330 31.25 0 0
331 31.25 3.125 0
332 31.25 6.25 0
333 31.25 9.375 0
334 31.25 12.5 0
335 31.25 15.625 0
336 31.25 18.75 0
337 31.25 21.875 0
338 31.25 25 0
339 31.25 28.125 0
340 31.25 31.25 0
341 31.25 34.375 0
342 31.25 37.5 0
343 31.25 40.625 0
344 31.25 43.75 0
345 31.25 46.875 0
346 31.25 50 0
347 31.25 53.125 0
348 31.25 56.25 0
349 31.25 59.375 0
350 31.25 62.5 0
351 31.25 65.625 0
352 31.25 68.75 0
353 31.25 71.875 0
354 31.25 75 0
355 31.25 78.125 0
356 31.25 81.25 0
357 31.25 84.375 0
358 31.25 87.5 0
359 31.25 90.625 0
360 31.25 93.75 0
361 31.25 96.875 0
362 31.25 100 0
363 34.375 0 0
364 34.375 3.125 0
365 34.375 6.25 0
366 34.375 9.375 0
367 34.375 12.5 0
368 34.375 15.625 0
369 34.375 18.75 0
370 34.375 21.875 0
371 34.375 25 0
372 34.375 28.125 0
373 34.375 31.25 0
374 34.375 34.375 0
375 34.375 37.5 0
376 34.375 40.625 0
377 34.375 43.75 0
378 34.375 46.875 0
379 34.375 50 0
380 34.375 53.125 0
381 34.375 56.25 0
382 34.375 59.375 0
383 34.375 62.5 0
384 34.375 65.625 0
385 34.375 68.75 0
386 34.375 71.875 0
387 34.375 75 0
388 34.375 78.125 0
389 34.375 81.25 0
390 34.375 84.375 0
391 34.375 87.5 0
392 34.375 90.625 0
393 34.375 93.75 0
394 34.375 96.875 0
395 34.375 100 0
396 37.5 0 0
397 37.5 3.125 0
398 37.5 6.25 0
399 37.5 9.375 0
400 37.5 12.5 0
401 37.5 15.625 0
402 37.5 18.75 0
403 37.5 21.875 0
404 37.5 25 0
405 37.5 28.125 0
406 37.5 31.25 0
407 37.5 34.375 0
408 37.5 37.5 0
409 37.5 40.625 0
410 37.5 43.75 0
411 37.5 46.875 0
412 37.5 50 0
413 37.5 53.125 0
414 37.5 56.25 0
415 37.5 59.375 0
416 37.5 62.5 0
417 37.5 65.625 0
418 37.5 68.75 0
419 37.5 71.875 0
420 37.5 75 0
421 37.5 78.125 0
422 37.5 81.25 0
423 37.5 84.375 0
424 37.5 87.5 0
425 37.5 90.625 0
426 37.5 93.75 0
427 37.5 96.875 0
428 37.5 100 0
429 40.625 0 0
430 40.625 3.125 0
431 40.625 6.25 0
432 40.625 9.375 0
433 40.625 12.5 0
434 40.625 15.625 0
435 40.625 18.75 0
436 40.625 21.875 0
437 40.625 25 0
438 40.625 28.125 0
439 40.625 31.25 0
440 40.625 34.375 0
441 40.625 37.5 0
442 40.625 40.625 0
443 40.625 43.75 0
444 40.625 46.875 0
445 40.625 50 0
446 40.625 53.125 0
447 40.625 56.25 0
448 40.625 59.375 0
449 40.625 62.5 0
450 40.625 65.625 0
451 40.625 68.75 0
452 40.625 71.875 0
453 40.625 75 0
454 40.625 78.125 0
455 40.625 81.25 0
456 40.625 84.375 0
457 40.625 87.5 0
458 40.625 90.625 0
459 40.625 93.75 0
460 40.625 96.875 0
461 40.625 100 0
462 43.75 0 0
463 43.75 3.125 0
464 43.75 6.25 0
465 43.75 9.375 0
466 43.75 12.5 0
467 43.75 15.625 0
468 43.75 18.75 0
469 43.75 21.875 0
470 43.75 25 0
471 43.75 28.125 0
472 43.75 31.25 0
473 43.75 34.375 0
474 43.75 37.5 0
475 43.75 40.625 0
476 43.75 43.75 0
477 43.75 46.875 0
478 43.75 50 0
479 43.75 53.125 0
480 43.75 56.25 0
481 43.75 59.375 0
482 43.75 62.5 0
483 43.75 65.625 0
484 43.75 68.75 0
485 43.75 71.875 0
486 43.75 75 0
487 43.75 78.125 0
488 43.75 81.25 0
489 43.75 84.375 0
490 43.75 87.5 0
491 43.75 90.625 0
492 43.75 93.75 0
493 43.75 96.875 0
494 43.75 100 0
495 46.875 0 0
496 46.875 3.125 0
497 46.875 6.25 0
498 46.875 9.375 0
499 46.875 12.5 0
500 46.875 15.625 0
501 46.875 18.75 0
502 46.875 21.875 0
503 46.875 25 0
504 46.875 28.125 0
505 46.875 31.25 0
506 46.875 34.375 0
507 46.875 37.5 0
508 46.875 40.625 0
509 46.875 43.75 0
510 46.875 46.875 0
511 46.875 50 0
512 46.875 53.125 0
513 46.875 56.25 0
514 46.875 59.375 0
515 46.875 62.5 0
516 46.875 65.625 0
517 46.875 68.75 0
518 46.875 71.875 0
519 46.875 75 0
520 46.875 78.125 0
521 46.875 81.25 0
522 46.875 84.375 0
523 46.875 87.5 0
524 46.875 90.625 0
525 46.875 93.75 0
526 46.875 96.875 0
527 46.875 100 0
528 50 0 0
529 50 3.125 0
530 50 6.25 0
531 50 9.375 0
532 50 12.5 0
533 50 15.625 0
534 50 18.75 0
535 50 21.875 0
536 50 25 0
537 50 28.125 0
538 50 31.25 0
539 50 34.375 0
540 50 37.5 0
541 50 40.625 0
542 50 43.75 0
543 50 46.875 0
544 50 50 0
545 50 53.125 0
546 50 56.25 0
547 50 59.375 0
548 50 62.5 0
549 50 65.625 0
550 50 68.75 0
551 50 71.875 0
552 50 75 0
553 50 78.125 0
554 50 81.25 0
555 50 84.375 0
556 50 87.5 0
557 50 90.625 0
558 50 93.75 0
559 50 96.875 0
560 50 100 0
561 53.125 0 0
562 53.125 3.125 0
563 53.125 6.25 0
564 53.125 9.375 0
565 53.125 12.5 0
566 53.125 15.625 0
567 53.125 18.75 0
568 53.125 21.875 0
569 53.125 25 0
570 53.125 28.125 0
571 53.125 31.25 0
572 53.125 34.375 0
573 53.125 37.5 0
574 53.125 40.625 0
575 53.125 43.75 0
576 53.125 46.875 0
577 53.125 50 0
578 53.125 53.125 0
579 53.125 56.25 0
580 53.125 59.375 0
581 53.125 62.5 0
582 53.125 65.625 0
583 53.125 68.75 0
584 53.125 71.875 0
585 53.125 75 0
586 53.125 78.125 0
587 53.125 81.25 0
588 53.125 84.375 0
589 53.125 87.5 0
590 53.125 90.625 0
591 53.125 93.75 0
592 53.125 96.875 0
593 53.125 100 0
594 56.25 0 0
595 56.25 3.125 0
596 56.25 6.25 0
597 56.25 9.375 0
598 56.25 12.5 0
599 56.25 15.625 0
600 56.25 18.75 0
601 56.25 21.875 0
602 56.25 25 0
603 56.25 28.125 0
604 56.25 31.25 0
605 56.25 34.375 0
606 56.25 37.5 0
607 56.25 40.625 0
608 56.25 43.75 0
609 56.25 46.875 0
610 56.25 50 0
611 56.25 53.125 0
612 56.25 56.25 0
613 56.25 59.375 0
614 56.25 62.5 0
615 56.25 65.625 0
616 56.25 68.75 0
617 56.25 71.875 0
618 56.25 75 0
619 56.25 78.125 0
620 56.25 81.25 0
621 56.25 84.375 0
622 56.25 87.5 0
623 56.25 90.625 0
624 56.25 93.75 0
625 56.25 96.875 0
626 56.25 100 0
627 59.375 0 0
628 59.375 3.125 0
629 59.375 6.25 0
630 59.375 9.375 0
631 59.375 12.5 0
632 59.375 15.625 0
633 59.375 18.75 0
634 59.375 21.875 0
635 59.375 25 0
636 59.375 28.125 0
637 59.375 31.25 0
638 59.375 34.375 0
639 59.375 37.5 0
640 59.375 40.625 0
641 59.375 43.75 0
642 59.375 46.875 0
643 59.375 50 0
644 59.375 53.125 0
645 59.375 56.25 0
646 59.375 59.375 0
647 59.375 62.5 0
648 59.375 65.625 0
649 59.375 68.75 0
650 59.375 71.875 0
651 59.375 75 0
652 59.375 78.125 0
653 59.375 81.25 0
654 59.375 84.375 0
655 59.375 87.5 0
656 59.375 90.625 0
657 59.375 93.75 0
658 59.375 96.875 0
659 59.375 100 0
660 62.5 0 0
661 62.5 3.125 0
662 62.5 6.25 0
663 62.5 9.375 0
664 62.5 12.5 0
665 62.5 15.625 0
666 62.5 18.75 0
667 62.5 21.875 0
668 62.5 25 0
669 62.5 28.125 0
670 62.5 31.25 0
671 62.5 34.375 0
672 62.5 37.5 0
673 62.5 40.625 0
674 62.5 43.75 0
675 62.5 46.875 0
676 62.5 50 0
677 62.5 53.125 0
678 62.5 56.25 0
679 62.5 59.375 0
680 62.5 62.5 0
681 62.5 65.625 0
682 62.5 68.75 0
683 62.5 71.875 0
684 62.5 75 0
685 62.5 78.125 0
686 62.5 81.25 0
687 62.5 84.375 0
688 62.5 87.5 0
689 62.5 90.625 0
690 62.5 93.75 0
691 62.5 96.875 0
692 62.5 100 0
693 65.625 0 0
694 65.625 3.125 0
695 65.625 6.25 0
696 65.625 9.375 0
697 65.625 12.5 0
698 65.625 15.625 0
699 65.625 18.75 0
700 65.625 21.875 0
701 65.625 25 0
702 65.625 28.125 0
703 65.625 31.25 0
704 65.625 34.375 0
705 65.625 37.5 0
706 65.625 40.625 0
707 65.625 43.75 0
708 65.625 46.875 0
709 65.625 50 0
710 65.625 53.125 0
711 65.625 56.25 0
712 65.625 59.375 0
713 65.625 62.5 0
714 65.625 65.625 0
715 65.625 68.75 0
716 65.625 71.875 0
717 65.625 75 0
718 65.625 78.125 0
719 65.625 81.25 0
720 65.625 84.375 0
721 65.625 87.5 0
722 65.625 90.625 0
723 65.625 93.75 0
724 65.625 96.875 0
725 65.625 100 0
726 68.75 0 0
727 68.75 3.125 0
728 68.75 6.25 0
729 68.75 9.375 0
730 68.75 12.5 0
731 68.75 15.625 0
732 68.75 18.75 0
733 68.75 21.875 0
734 68.75 25 0
735 68.75 28.125 0
736 68.75 31.25 0
737 68.75 34.375 0
738 68.75 37.5 0
739 68.75 40.625 0
740 68.75 43.75 0
741 68.75 46.875 0
742 68.75 50 0
743 68.75 53.125 0
744 68.75 56.25 0
745 68.75 59.375 0
746 68.75 62.5 0
747 68.75 65.625 0
748 68.75 68.75 0
749 68.75 71.875 0
750 68.75 75 0
751 68.75 78.125 0
752 68.75 81.25 0
753 68.75 84.375 0
754 68.75 87.5 0
755 68.75 90.625 0
756 68.75 93.75 0
757 68.75 96.875 0
758 68.75 100 0
759 71.875 0 0
760 71.875 3.125 0
761 71.875 6.25 0
762 71.875 9.375 0
763 71.875 12.5 0
764 71.875 15.625 0
765 71.875 18.75 0
766 71.875 21.875 0
767 71.875 25 0
768 71.875 28.125 0
769 71.875 31.25 0
770 71.875 34.375 0
771 71.875 37.5 0
772 71.875 40.625 0
773 71.875 43.75 0
774 71.875 46.875 0
775 71.875 50 0
776 71.875 53.125 0
777 71.875 56.25 0
778 71.875 59.375 0
779 71.875 62.5 0
780 71.875 65.625 0
781 71.875 68.75 0
782 71.875 71.875 0
783 71.875 75 0
784 71.875 78.125 0
785 71.875 81.25 0
786 71.875 84.375 0
787 71.875 87.5 0
788 71.875 90.625 0
789 71.875 93.75 0
790 71.875 96.875 0
791 71.875 100 0
792 75 0 0
793 75 3.125 0
794 75 6.25 0
795 75 9.375 0
796 75 12.5 0
797 75 15.625 0
798 75 18.75 0
799 75 21.875 0
800 75 25 0
801 75 28.125 0
802 75 31.25 0
803 75 34.375 0
804 75 37.5 0
805 75 40.625 0
806 75 43.75 0
807 75 46.875 0
808 75 50 0
809 75 53.125 0
810 75 56.25 0
811 75 59.375 0
812 75 62.5 0
813 75 65.625 0
814 75 68.75 0
815 75 71.875 0
816 75 75 0
817 75 78.125 0
818 75 81.25 0
819 75 84.375 0
820 75 87.5 0
821 75 90.625 0
822 75 93.75 0
823 75 96.875 0
824 75 100 0
825 78.125 0 0
826 78.125 3.125 0
827 78.125 6.25 0
828 78.125 9.375 0
829 78.125 12.5 0
830 78.125 15.625 0
831 78.125 18.75 0
832 78.125 21.875 0
833 78.125 25 0
834 78.125 28.125 0
835 78.125 31.25 0
836 78.125 34.375 0
837 78.125 37.5 0
838 78.125 40.625 0
839 78.125 43.75 0
840 78.125 46.875 0
841 78.125 50 0
842 78.125 53.125 0
843 78.125 56.25 0
844 78.125 59.375 0
845 78.125 62.5 0
846 78.125 65.625 0
847 78.125 68.75 0
848 78.125 71.875 0
849 78.125 75 0
850 78.125 78.125 0
851 78.125 81.25 0
852 78.125 84.375 0
853 78.125 87.5 0
854 78.125 90.625 0
855 78.125 93.75 0
856 78.125 96.875 0
857 78.125 100 0
858 81.25 0 0
859 81.25 3.125 0
860 81.25 6.25 0
861 81.25 9.375 0
862 81.25 12.5 0
863 81.25 15.625 0
864 81.25 18.75 0
865 81.25 21.875 0
866 81.25 25 0
867 81.25 28.125 0
868 81.25 31.25 0
869 81.25 34.375 0
870 81.25 37.5 0
871 81.25 40.625 0
872 81.25 43.75 0
873 81.25 46.875 0
874 81.25 50 0
875 81.25 53.125 0
876 81.25 56.25 0
877 81.25 59.375 0
878 81.25 62.5 0
879 81.25 65.625 0
880 81.25 68.75 0
881 81.25 71.875 0
882 81.25 75 0
883 81.25 78.125 0
884 81.25 81.25 0
885 81.25 84.375 0
886 81.25 87.5 0
887 81.25 90.625 0
888 81.25 93.75 0
889 81.25 96.875 0
890 81.25 100 0
891 84.375 0 0
892 84.375 3.125 0
893 84.375 6.25 0
894 84.375 9.375 0
895 84.375 12.5 0
896 84.375 15.625 0
897 84.375 18.75 0
898 84.375 21.875 0
899 84.375 25 0
900 84.375 28.125 0
901 84.375 31.25 0
902 84.375 34.375 0
903 84.375 37.5 0
904 84.375 40.625 0
905 84.375 43.75 0
906 84.375 46.875 0
907 84.375 50 0
908 84.375 53.125 0
909 84.375 56.25 0
910 84.375 59.375 0
911 84.375 62.5 0
912 84.375 65.625 0
913 84.375 68.75 0
914 84.375 71.875 0
915 84.375 75 0
916 84.375 78.125 0
917 84.375 81.25 0
918 84.375 84.375 0
919 84.375 87.5 0
920 84.375 90.625 0
921 84.375 93.75 0
922 84.375 96.875 0
923 84.375 100 0
924 87.5 0 0
925 87.5 3.125 0
926 87.5 6.25 0
927 87.5 9.375 0
928 87.5 12.5 0
929 87.5 15.625 0
930 87.5 18.75 0
931 87.5 21.875 0
932 87.5 25 0
933 87.5 28.125 0
934 87.5 31.25 0
935 87.5 34.375 0
936 87.5 37.5 0
937 87.5 40.625 0
938 87.5 43.75 0
939 87.5 46.875 0
940 87.5 50 0
941 87.5 53.125 0
942 87.5 56.25 0
943 87.5 59.375 0
944 87.5 62.5 0
945 87.5 65.625 0
946 87.5 68.75 0
947 87.5 71.875 0
948 87.5 75 0
949 87.5 78.125 0
950 87.5 81.25 0
951 87.5 84.375 0
952 87.5 87.5 0
953 87.5 90.625 0
954 87.5 93.75 0
955 87.5 96.875 0
956 87.5 100 0
957 90.625 0 0
958 90.625 3.125 0
959 90.625 6.25 0
960 90.625 9.375 0
961 90.625 12.5 0
962 90.625 15.625 0
963 90.625 18.75 0
964 90.625 21.875 0
965 90.625 25 0
966 90.625 28.125 0
967 90.625 31.25 0
968 90.625 34.375 0
969 90.625 37.5 0
970 90.625 40.625 0
971 90.625 43.75 0
972 90.625 46.875 0
973 90.625 50 0
974 90.625 53.125 0
975 90.625 56.25 0
976 90.625 59.375 0
977 90.625 62.5 0
978 90.625 65.625 0
979 90.625 68.75 0
980 90.625 71.875 0
981 90.625 75 0
982 90.625 78.125 0
983 90.625 81.25 0
984 90.625 84.375 0
985 90.625 87.5 0
986 90.625 90.625 0
987 90.625 93.75 0
988 90.625 96.875 0
989 90.625 100 0
990 93.75 0 0
991 93.75 3.125 0
992 93.75 6.25 0
993 93.75 9.375 0
994 93.75 12.5 0
995 93.75 15.625 0
996 93.75 18.75 0
997 93.75 21.875 0
998 93.75 25 0
999 93.75 28.125 0
1000 93.75 31.25 0
1001 93.75 34.375 0
1002 93.75 37.5 0
1003 93.75 40.625 0
1004 93.75 43.75 0
1005 93.75 46.875 0
1006 93.75 50 0
1007 93.75 53.125 0
1008 93.75 56.25 0
1009 93.75 59.375 0
1010 93.75 62.5 0
1011 93.75 65.625 0
1012 93.75 68.75 0
1013 93.75 71.875 0
1014 93.75 75 0
1015 93.75 78.125 0
1016 93.75 81.25 0
1017 93.75 84.375 0
1018 93.75 87.5 0
1019 93.75 90.625 0
1020 93.75 93.75 0
1021 93.75 96.875 0
1022 93.75 100 0
1023 96.875 0 0
1024 96.875 3.125 0
1025 96.875 6.25 0
1026 96.875 9.375 0
1027 96.875 12.5 0
1028 96.875 15.625 0
1029 96.875 18.75 0
1030 96.875 21.875 0
1031 96.875 25 0
1032 96.875 28.125 0
1033 96.875 31.25 0
1034 96.875 34.375 0
1035 96.875 37.5 0
1036 96.875 40.625 0
1037 96.875 43.75 0
1038 96.875 46.875 0
1039 96.875 50 0
1040 96.875 53.125 0
1041 96.875 56.25 0
1042 96.875 59.375 0
1043 96.875 62.5 0
1044 96.875 65.625 0
1045 96.875 68.75 0
1046 96.875 71.875 0
1047 96.875 75 0
1048 96.875 78.125 0
1049 96.875 81.25 0
1050 96.875 84.375 0
1051 96.875 87.5 0
1052 96.875 90.625 0
1053 96.875 93.75 0
1054 96.875 96.875 0
1055 96.875 100 0
1056 100 0 0
1057 100 3.125 0
1058 100 6.25 0
1059 100 9.375 0
1060 100 12.5 0
1061 100 15.625 0
1062 100 18.75 0
1063 100 21.875 0
1064 100 25 0
1065 100 28.125 0
1066 100 31.25 0
1067 100 34.375 0
1068 100 37.5 0
1069 100 40.625 0
1070 100 43.75 0
1071 100 46.875 0
1072 100 50 0
1073 100 53.125 0
1074 100 56.25 0
1075 100 59.375 0
1076 100 62.5 0
1077 100 65.625 0
1078 100 68.75 0
1079 100 71.875 0
1080 100 75 0
1081 100 78.125 0
1082 100 81.25 0
1083 100 84.375 0
1084 100 87.5 0
1085 100 90.625 0
1086 100 93.75 0
1087 100 96.875 0
1088 100 100 0
3136
1 0
1 2
1 33
1 34
3 2
3 4
3 35
3 36
5 4
5 6
5 37
5 38
7 6
7 8
7 39
7 40
9 8
9 10
9 41
9 42
11 10
11 12
11 43
11 44
13 12
13 14
13 45
13 46
15 14
15 16
15 47
15 48
17 16
17 18
17 49
17 50
19 18
19 20
19 51
19 52
21 20
21 22
21 53
21 54
23 22
23 24
23 55
23 56
25 24
25 26
25 57
25 58
27 26
27 28
27 59
27 60
29 28
29 30
29 61
29 62
31 30
31 32
31 63
31 64
33 0
33 66
34 2
34 33
34 35
34 66
34 67
35 2
35 68
36 4
36 35
36 37
36 68
36 69
37 4
37 70
38 6
38 37
38 39
38 70
38 71
39 6
39 72
40 8
40 39
40 41
40 72
40 73
41 8
41 74
42 10
42 41
42 43
42 74
42 75
43 10
43 76
44 12
44 43
44 45
44 76
44 77
45 12
45 78
46 14
46 45
46 47
46 78
46 79
47 14
47 80
48 16
48 47
48 49
48 80
48 81
49 16
49 82
50 18
50 49
50 51
50 82
50 83
51 18
51 84
52 20
52 51
52 53
52 84
52 85
53 20
53 86
54 22
54 53
54 55
54 86
54 87
55 22
55 88
56 24
56 55
56 57
56 88
56 89
57 24
57 90
58 26
58 57
58 59
58 90
58 91
59 26
59 92
60 28
60 59
60 61
60 92
60 93
61 28
61 94
62 30
62 61
62 63
62 94
62 95
63 30
63 96
64 32
64 63
64 65
64 96
64 97
65 32
65 98
67 35
67 66
67 68
67 99
67 100
69 37
69 68
69 70
69 101
69 102
71 39
71 70
71 72
71 103
71 104
73 41
73 72
73 74
73 105
73 106
75 43
75 74
75 76
75 107
75 108
77 45
77 76
77 78
77 109
77 110
79 47
79 78
79 80
79 111
79 112
81 49
81 80
81 82
81 113
81 114
83 51
83 82
83 84
83 115
83 116
85 53
85 84
85 86
85 117
85 118
87 55
87 86
87 88
87 119
87 120
89 57
89 88
89 90
89 121
89 122
91 59
91 90
91 92
91 123
91 124
93 61
93 92
93 94
93 125
93 126
95 63
95 94
95 96
95 127
95 128
97 65
97 96
97 98
97 129
97 130
99 66
99 132
100 68
100 99
100 101
100 132
100 133
101 68
101 134
102 70
102 101
102 103
102 134
102 135
103 70
103 136
104 72
104 103
104 105
104 136
104 137
105 72
105 138
106 74
106 105
106 107
106 138
106 139
107 74
107 140
108 76
108 107
108 109
108 140
108 141
109 76
109 142
110 78
110 109
110 111
110 142
110 143
111 78
111 144
112 80
112 111
112 113
112 144
112 145
113 80
113 146
114 82
114 113
114 115
114 146
114 147
115 82
115 148
116 84
116 115
116 117
116 148
116 149
117 84
117 150
118 86
118 117
118 119
118 150
118 151
119 86
119 152
120 88
120 119
120 121
120 152
120 153
121 88
121 154
122 90
122 121
122 123
122 154
122 155
123 90
123 156
124 92
124 123
124 125
124 156
124 157
125 92
125 158
126 94
126 125
126 127
126 158
126 159
127 94
127 160
128 96
128 127
128 129
128 160
128 161
129 96
129 162
130 98
130 129
130 131
130 162
130 163
131 98
131 164
133 101
133 132
133 134
133 165
133 166
135 103
135 134
135 136
135 167
135 168
137 105
137 136
137 138
137 169
137 170
139 107
139 138
139 140
139 171
139 172
141 109
141 140
141 142
141 173
141 174
143 111
143 142
143 144
143 175
143 176
145 113
145 144
145 146
145 177
145 178
147 115
147 146
147 148
147 179
147 180
149 117
149 148
149 150
149 181
149 182
151 119
151 150
151 152
151 183
151 184
153 121
153 152
153 154
153 185
153 186
155 123
155 154
155 156
155 187
155 188
157 125
157 156
157 158
157 189
157 190
159 127
159 158
159 160
159 191
159 192
161 129
161 160
161 162
161 193
161 194
163 131
163 162
163 164
163 195
163 196
165 132
165 198
166 134
166 165
166 167
166 198
166 199
167 134
167 200
168 136
168 167
168 169
168 200
168 201
169 136
169 202
170 138
170 169
170 171
170 202
170 203
171 138
171 204
172 140
172 171
172 173
172 204
172 205
173 140
173 206
174 142
174 173
174 175
174 206
174 207
175 142
175 208
176 144
176 175
176 177
176 208
176 209
177 144
177 210
178 146
178 177
178 179
178 210
178 211
179 146
179 212
180 148
180 179
180 181
180 212
180 213
181 148
181 214
182 150
182 181
182 183
182 214
182 215
183 150
183 216
184 152
184 183
184 185
184 216
184 217
185 152
185 218
186 154
186 185
186 187
186 218
186 219
187 154
187 220
188 156
188 187
188 189
188 220
188 221
189 156
189 222
190 158
190 189
190 191
190 222
190 223
191 158
191 224
192 160
192 191
192 193
192 224
192 225
193 160
193 226
194 162
194 193
194 195
194 226
194 227
195 162
195 228
196 164
196 195
196 197
196 228
196 229
197 164
197 230
199 167
199 198
199 200
199 231
199 232
201 169
201 200
201 202
201 233
201 234
203 171
203 202
203 204
203 235
203 236
205 173
205 204
205 206
205 237
205 238
207 175
207 206
207 208
207 239
207 240
209 177
209 208
209 210
209 241
209 242
211 179
211 210
211 212
211 243
211 244
213 181
213 212
213 214
213 245
213 246
215 183
215 214
215 216
215 247
215 248
217 185
217 216
217 218
217 249
217 250
219 187
219 218
219 220
219 251
219 252
221 189
221 220
221 222
221 253
221 254
223 191
223 222
223 224
223 255
223 256
225 193
225 224
225 226
225 257
225 258
227 195
227 226
227 228
227 259
227 260
229 197
229 228
229 230
229 261
229 262
231 198
231 264
232 200
232 231
232 233
232 264
232 265
233 200
233 266
234 202
234 233
234 235
234 266
234 267
235 202
235 268
236 204
236 235
236 237
236 268
236 269
237 204
237 270
238 206
238 237
238 239
238 270
238 271
239 206
239 272
240 208
240 239
240 241
240 272
240 273
241 208
241 274
242 210
242 241
242 243
242 274
242 275
243 210
243 276
244 212
244 243
244 245
244 276
244 277
245 212
245 278
246 214
246 245
246 247
246 278
246 279
247 214
247 280
248 216
248 247
248 249
248 280
248 281
249 216
249 282
250 218
250 249
250 251
250 282
250 283
251 218
251 284
252 220
252 251
252 253
252 284
252 285
253 220
253 286
254 222
254 253
254 255
254 286
254 287
255 222
255 288
256 224
256 255
256 257
256 288
256 289
257 224
257 290
258 226
258 257
258 259
258 290
258 291
259 226
259 292
260 228
260 259
260 261
260 292
260 293
261 228
261 294
262 230
262 261
262 263
262 294
262 295
263 230
263 296
265 233
265 264
265 266
265 297
265 298
267 235
267 266
267 268
267 299
267 300
269 237
269 268
269 270
269 301
269 302
271 239
271 270
271 272
271 303
271 304
273 241
273 272
273 274
273 305
273 306
275 243
275 274
275 276
275 307
275 308
277 245
277 276
277 278
277 309
277 310
279 247
279 278
279 280
279 311
279 312
281 249
281 280
281 282
281 313
281 314
283 251
283 282
283 284
283 315
283 316
285 253
285 284
285 286
285 317
285 318
287 255
287 286
287 288
287 319
287 320
289 257
289 288
289 290
289 321
289 322
291 259
291 290
291 292
291 323
291 324
293 261
293 292
293 294
293 325
293 326
295 263
295 294
295 296
295 327
295 328
297 264
297 330
298 266
298 297
298 299
298 330
298 331
299 266
299 332
300 268
300 299
300 301
300 332
300 333
301 268
301 334
302 270
302 301
302 303
302 334
302 335
303 270
303 336
304 272
304 303
304 305
304 336
304 337
305 272
305 338
306 274
306 305
306 307
306 338
306 339
307 274
307 340
308 276
308 307
308 309
308 340
308 341
309 276
309 342
310 278
310 309
310 311
310 342
310 343
311 278
311 344
312 280
312 311
312 313
312 344
312 345
313 280
313 346
314 282
314 313
314 315
314 346
314 347
315 282
315 348
316 284
316 315
316 317
316 348
316 349
317 284
317 350
318 286
318 317
318 319
318 350
318 351
319 286
319 352
320 288
320 319
320 321
320 352
320 353
321 288
321 354
322 290
322 321
322 323
322 354
322 355
323 290
323 356
324 292
324 323
324 325
324 356
324 357
325 292
325 358
326 294
326 325
326 327
326 358
326 359
327 294
327 360
328 296
328 327
328 329
328 360
328 361
329 296
329 362
331 299
331 330
331 332
331 363
331 364
333 301
333 332
333 334
333 365
333 366
335 303
335 334
335 336
335 367
335 368
337 305
337 336
337 338
337 369
337 370
339 307
339 338
339 340
339 371
339 372
341 309
341 340
341 342
341 373
341 374
343 311
343 342
343 344
343 375
343 376
345 313
345 344
345 346
345 377
345 378
347 315
347 346
347 348
347 379
347 380
349 317
349 348
349 350
349 381
349 382
351 319
351 350
351 352
351 383
351 384
353 321
353 352
353 354
353 385
353 386
355 323
355 354
355 356
355 387
355 388
357 325
357 356
357 358
357 389
357 390
359 327
359 358
359 360
359 391
359 392
361 329
361 360
361 362
361 393
361 394
363 330
363 396
364 332
364 363
364 365
364 396
364 397
365 332
365 398
366 334
366 365
366 367
366 398
366 399
367 334
367 400
368 336
368 367
368 369
368 400
368 401
369 336
369 402
370 338
370 369
370 371
370 402
370 403
371 338
371 404
372 340
372 371
372 373
372 404
372 405
373 340
373 406
374 342
374 373
374 375
374 406
374 407
375 342
375 408
376 344
376 375
376 377
376 408
376 409
377 344
377 410
378 346
378 377
378 379
378 410
378 411
379 346
379 412
380 348
380 379
380 381
380 412
380 413
381 348
381 414
382 350
382 381
382 383
382 414
382 415
383 350
383 416
384 352
384 383
384 385
384 416
384 417
385 352
385 418
386 354
386 385
386 387
386 418
386 419
387 354
387 420
388 356
388 387
388 389
388 420
388 421
389 356
389 422
390 358
390 389
390 391
390 422
390 423
391 358
391 424
392 360
392 391
392 393
392 424
392 425
393 360
393 426
394 362
394 393
394 395
394 426
394 427
395 362
395 428
397 365
397 396
397 398
397 429
397 430
399 367
399 398
399 400
399 431
399 432
401 369
401 400
401 402
401 433
401 434
403 371
403 402
403 404
403 435
403 436
405 373
405 404
405 406
405 437
405 438
407 375
407 406
407 408
407 439
407 440
409 377
409 408
409 410
409 441
409 442
411 379
411 410
411 412
411 443
411 444
413 381
413 412
413 414
413 445
413 446
415 383
415 414
415 416
415 447
415 448
417 385
417 416
417 418
417 449
417 450
419 387
419 418
419 420
419 451
419 452
421 389
421 420
421 422
421 453
421 454
423 391
423 422
423 424
423 455
423 456
425 393
425 424
425 426
425 457
425 458
427 395
427 426
427 428
427 459
427 460
429 396
429 462
430 398
430 429
430 431
430 462
430 463
431 398
431 464
432 400
432 431
432 433
432 464
432 465
433 400
433 466
434 402
434 433
434 435
434 466
434 467
435 402
435 468
436 404
436 435
436 437
436 468
436 469
437 404
437 470
438 406
438 437
438 439
438 470
438 471
439 406
439 472
440 408
440 439
440 441
440 472
440 473
441 408
441 474
442 410
442 441
442 443
442 474
442 475
443 410
443 476
444 412
444 443
444 445
444 476
444 477
445 412
445 478
446 414
446 445
446 447
446 478
446 479
447 414
447 480
448 416
448 447
448 449
448 480
448 481
449 416
449 482
450 418
450 449
450 451
450 482
450 483
451 418
451 484
452 420
452 451
452 453
452 484
452 485
453 420
453 486
454 422
454 453
454 455
454 486
454 487
455 422
455 488
456 424
456 455
456 457
456 488
456 489
457 424
457 490
458 426
458 457
458 459
458 490
458 491
459 426
459 492
460 428
460 459
460 461
460 492
460 493
461 428
461 494
463 431
463 462
463 464
463 495
463 496
465 433
465 464
465 466
465 497
465 498
467 435
467 466
467 468
467 499
467 500
469 437
469 468
469 470
469 501
469 502
471 439
471 470
471 472
471 503
471 504
473 441
473 472
473 474
473 505
473 506
475 443
475 474
475 476
475 507
475 508
477 445
477 476
477 478
477 509
477 510
479 447
479 478
479 480
479 511
479 512
481 449
481 480
481 482
481 513
481 514
483 451
483 482
483 484
483 515
483 516
485 453
485 484
485 486
485 517
485 518
487 455
487 486
487 488
487 519
487 520
489 457
489 488
489 490
489 521
489 522
491 459
491 490
491 492
491 523
491 524
493 461
493 492
493 494
493 525
493 526
495 462
495 528
496 464
496 495
496 497
496 528
496 529
497 464
497 530
498 466
498 497
498 499
498 530
498 531
499 466
499 532
500 468
500 499
500 501
500 532
500 533
501 468
501 534
502 470
502 501
502 503
502 534
502 535
503 470
503 536
504 472
504 503
504 505
504 536
504 537
505 472
505 538
506 474
506 505
506 507
506 538
506 539
507 474
507 540
508 476
508 507
508 509
508 540
508 541
509 476
509 542
510 478
510 509
510 511
510 542
510 543
511 478
511 544
512 480
512 511
512 513
512 544
512 545
513 480
513 546
514 482
514 513
514 515
514 546
514 547
515 482
515 548
516 484
516 515
516 517
516 548
516 549
517 484
517 550
518 486
518 517
518 519
518 550
518 551
519 486
519 552
520 488
520 519
520 521
520 552
520 553
521 488
521 554
522 490
522 521
522 523
522 554
522 555
523 490
523 556
524 492
524 523
524 525
524 556
524 557
525 492
525 558
526 494
526 525
526 527
526 558
526 559
527 494
527 560
529 497
529 528
529 530
529 561
529 562
531 499
531 530
531 532
531 563
531 564
533 501
533 532
533 534
533 565
533 566
535 503
535 534
535 536
535 567
535 568
537 505
537 536
537 538
537 569
537 570
539 507
539 538
539 540
539 571
539 572
541 509
541 540
541 542
541 573
541 574
543 511
543 542
543 544
543 575
543 576
545 513
545 544
545 546
545 577
545 578
547 515
547 546
547 548
547 579
547 580
549 517
549 548
549 550
549 581
549 582
551 519
551 550
551 552
551 583
551 584
553 521
553 552
553 554
553 585
553 586
555 523
555 554
555 556
555 587
555 588
557 525
557 556
557 558
557 589
557 590
559 527
559 558
559 560
559 591
559 592
561 528
561 594
562 530
562 561
562 563
562 594
562 595
563 530
563 596
564 532
564 563
564 565
564 596
564 597
565 532
565 598
566 534
566 565
566 567
566 598
566 599
567 534
567 600
568 536
568 567
568 569
568 600
568 601
569 536
569 602
570 538
570 569
570 571
570 602
570 603
571 538
571 604
572 540
572 571
572 573
572 604
572 605
573 540
573 606
574 542
574 573
574 575
574 606
574 607
575 542
575 608
576 544
576 575
576 577
576 608
576 609
577 544
577 610
578 546
578 577
578 579
578 610
578 611
579 546
579 612
580 548
580 579
580 581
580 612
580 613
581 548
581 614
582 550
582 581
582 583
582 614
582 615
583 550
583 616
584 552
584 583
584 585
584 616
584 617
585 552
585 618
586 554
586 585
586 587
586 618
586 619
587 554
587 620
588 556
588 587
588 589
588 620
588 621
589 556
589 622
590 558
590 589
590 591
590 622
590 623
591 558
591 624
592 560
592 591
592 593
592 624
592 625
593 560
593 626
595 563
595 594
595 596
595 627
595 628
597 565
597 596
597 598
597 629
597 630
599 567
599 598
599 600
599 631
599 632
601 569
601 600
601 602
601 633
601 634
603 571
603 602
603 604
603 635
603 636
605 573
605 604
605 606
605 637
605 638
607 575
607 606
607 608
607 639
607 640
609 577
609 608
609 610
609 641
609 642
611 579
611 610
611 612
611 643
611 644
613 581
613 612
613 614
613 645
613 646
615 583
615 614
615 616
615 647
615 648
617 585
617 616
617 618
617 649
617 650
619 587
619 618
619 620
619 651
619 652
621 589
621 620
621 622
621 653
621 654
623 591
623 622
623 624
623 655
623 656
625 593
625 624
625 626
625 657
625 658
627 594
627 660
628 596
628 627
628 629
628 660
628 661
629 596
629 662
630 598
630 629
630 631
630 662
630 663
631 598
631 664
632 600
632 631
632 633
632 664
632 665
633 600
633 666
634 602
634 633
634 635
634 666
634 667
635 602
635 668
636 604
636 635
636 637
636 668
636 669
637 604
637 670
638 606
638 637
638 639
638 670
638 671
639 606
639 672
640 608
640 639
640 641
640 672
640 673
641 608
641 674
642 610
642 641
642 643
642 674
642 675
643 610
643 676
644 612
644 643
644 645
644 676
644 677
645 612
645 678
646 614
646 645
646 647
646 678
646 679
647 614
647 680
648 616
648 647
648 649
648 680
648 681
649 616
649 682
650 618
650 649
650 651
650 682
650 683
651 618
651 684
652 620
652 651
652 653
652 684
652 685
653 620
653 686
654 622
654 653
654 655
654 686
654 687
655 622
655 688
656 624
656 655
656 657
656 688
656 689
657 624
657 690
658 626
658 657
658 659
658 690
658 691
659 626
659 692
661 629
661 660
661 662
661 693
661 694
663 631
663 662
663 664
663 695
663 696
665 633
665 664
665 666
665 697
665 698
667 635
667 666
667 668
667 699
667 700
669 637
669 668
669 670
669 701
669 702
671 639
671 670
671 672
671 703
671 704
673 641
673 672
673 674
673 705
673 706
675 643
675 674
675 676
675 707
675 708
677 645
677 676
677 678
677 709
677 710
679 647
679 678
679 680
679 711
679 712
681 649
681 680
681 682
681 713
681 714
683 651
683 682
683 684
683 715
683 716
685 653
685 684
685 686
685 717
685 718
687 655
687 686
687 688
687 719
687 720
689 657
689 688
689 690
689 721
689 722
691 659
691 690
691 692
691 723
691 724
693 660
693 726
694 662
694 693
694 695
694 726
694 727
695 662
695 728
696 664
696 695
696 697
696 728
696 729
697 664
697 730
698 666
698 697
698 699
698 730
698 731
699 666
699 732
700 668
700 699
700 701
700 732
700 733
701 668
701 734
702 670
702 701
702 703
702 734
702 735
703 670
703 736
704 672
704 703
704 705
704 736
704 737
705 672
705 738
706 674
706 705
706 707
706 738
706 739
707 674
707 740
708 676
708 707
708 709
708 740
708 741
709 676
709 742
710 678
710 709
710 711
710 742
710 743
711 678
711 744
712 680
712 711
712 713
712 744
712 745
713 680
713 746
714 682
714 713
714 715
714 746
714 747
715 682
715 748
716 684
716 715
716 717
716 748
716 749
717 684
717 750
718 686
718 717
718 719
718 750
718 751
719 686
719 752
720 688
720 719
720 721
720 752
720 753
721 688
721 754
722 690
722 721
722 723
722 754
722 755
723 690
723 756
724 692
724 723
724 725
724 756
724 757
725 692
725 758
727 695
727 726
727 728
727 759
727 760
729 697
729 728
729 730
729 761
729 762
731 699
731 730
731 732
731 763
731 764
733 701
733 732
733 734
733 765
733 766
735 703
735 734
735 736
735 767
735 768
737 705
737 736
737 738
737 769
737 770
739 707
739 738
739 740
739 771
739 772
741 709
741 740
741 742
741 773
741 774
743 711
743 742
743 744
743 775
743 776
745 713
745 744
745 746
745 777
745 778
747 715
747 746
747 748
747 779
747 780
749 717
749 748
749 750
749 781
749 782
751 719
751 750
751 752
751 783
751 784
753 721
753 752
753 754
753 785
753 786
755 723
755 754
755 756
755 787
755 788
757 725
757 756
757 758
757 789
757 790
759 726
759 792
760 728
760 759
760 761
760 792
760 793
761 728
761 794
762 730
762 761
762 763
762 794
762 795
763 730
763 796
764 732
764 763
764 765
764 796
764 797
765 732
765 798
766 734
766 765
766 767
766 798
766 799
767 734
767 800
768 736
768 767
768 769
768 800
768 801
769 736
769 802
770 738
770 769
770 771
770 802
770 803
771 738
771 804
772 740
772 771
772 773
772 804
772 805
773 740
773 806
774 742
774 773
774 775
774 806
774 807
775 742
775 808
776 744
776 775
776 777
776 808
776 809
777 744
777 810
778 746
778 777
778 779
778 810
778 811
779 746
779 812
780 748
780 779
780 781
780 812
780 813
781 748
781 814
782 750
782 781
782 783
782 814
782 815
783 750
783 816
784 752
784 783
784 785
784 816
784 817
785 752
785 818
786 754
786 785
786 787
786 818
786 819
787 754
787 820
788 756
788 787
788 789
788 820
788 821
789 756
789 822
790 758
790 789
790 791
790 822
790 823
791 758
791 824
793 761
793 792
793 794
793 825
793 826
795 763
795 794
795 796
795 827
795 828
797 765
797 796
797 798
797 829
797 830
799 767
799 798
799 800
799 831
799 832
801 769
801 800
801 802
801 833
801 834
803 771
803 802
803 804
803 835
803 836
805 773
805 804
805 806
805 837
805 838
807 775
807 806
807 808
807 839
807 840
809 777
809 808
809 810
809 841
809 842
811 779
811 810
811 812
811 843
811 844
813 781
813 812
813 814
813 845
813 846
815 783
815 814
815 816
815 847
815 848
817 785
817 816
817 818
817 849
817 850
819 787
819 818
819 820
819 851
819 852
821 789
821 820
821 822
821 853
821 854
823 791
823 822
823 824
823 855
823 856
825 792
825 858
826 794
826 825
826 827
826 858
826 859
827 794
827 860
828 796
828 827
828 829
828 860
828 861
829 796
829 862
830 798
830 829
830 831
830 862
830 863
831 798
831 864
832 800
832 831
832 833
832 864
832 865
833 800
833 866
834 802
834 833
834 835
834 866
834 867
835 802
835 868
836 804
836 835
836 837
836 868
836 869
837 804
837 870
838 806
838 837
838 839
838 870
838 871
839 806
839 872
840 808
840 839
840 841
840 872
840 873
841 808
841 874
842 810
842 841
842 843
842 874
842 875
843 810
843 876
844 812
844 843
844 845
844 876
844 877
845 812
845 878
846 814
846 845
846 847
846 878
846 879
847 814
847 880
848 816
848 847
848 849
848 880
848 881
849 816
849 882
850 818
850 849
850 851
850 882
850 883
851 818
851 884
852 820
852 851
852 853
852 884
852 885
853 820
853 886
854 822
854 853
854 855
854 886
854 887
855 822
855 888
856 824
856 855
856 857
856 888
856 889
857 824
857 890
859 827
859 858
859 860
859 891
859 892
861 829
861 860
861 862
861 893
861 894
863 831
863 862
863 864
863 895
863 896
865 833
865 864
865 866
865 897
865 898
867 835
867 866
867 868
867 899
867 900
869 837
869 868
869 870
869 901
869 902
871 839
871 870
871 872
871 903
871 904
873 841
873 872
873 874
873 905
873 906
875 843
875 874
875 876
875 907
875 908
877 845
877 876
877 878
877 909
877 910
879 847
879 878
879 880
879 911
879 912
881 849
881 880
881 882
881 913
881 914
883 851
883 882
883 884
883 915
883 916
885 853
885 884
885 886
885 917
885 918
887 855
887 886
887 888
887 919
887 920
889 857
889 888
889 890
889 921
889 922
891 858
891 924
892 860
892 891
892 893
892 924
892 925
893 860
893 926
894 862
894 893
894 895
894 926
894 927
895 862
895 928
896 864
896 895
896 897
896 928
896 929
897 864
897 930
898 866
898 897
898 899
898 930
898 931
899 866
899 932
900 868
900 899
900 901
900 932
900 933
901 868
901 934
902 870
902 901
902 903
902 934
902 935
903 870
903 936
904 872
904 903
904 905
904 936
904 937
905 872
905 938
906 874
906 905
906 907
906 938
906 939
907 874
907 940
908 876
908 907
908 909
908 940
908 941
909 876
909 942
910 878
910 909
910 911
910 942
910 943
911 878
911 944
912 880
912 911
912 913
912 944
912 945
913 880
913 946
914 882
914 913
914 915
914 946
914 947
915 882
915 948
916 884
916 915
916 917
916 948
916 949
917 884
917 950
918 886
918 917
918 919
918 950
918 951
919 886
919 952
920 888
920 919
920 921
920 952
920 953
921 888
921 954
922 890
922 921
922 923
922 954
922 955
923 890
923 956
925 893
925 924
925 926
925 957
925 958
927 895
927 926
927 928
927 959
927 960
929 897
929 928
929 930
929 961
929 962
931 899
931 930
931 932
931 963
931 964
933 901
933 932
933 934
933 965
933 966
935 903
935 934
935 936
935 967
935 968
937 905
937 936
937 938
937 969
937 970
939 907
939 938
939 940
939 971
939 972
941 909
941 940
941 942
941 973
941 974
943 911
943 942
943 944
943 975
943 976
945 913
945 944
945 946
945 977
945 978
947 915
947 946
947 948
947 979
947 980
949 917
949 948
949 950
949 981
949 982
951 919
951 950
951 952
951 983
951 984
953 921
953 952
953 954
953 985
953 986
955 923
955 954
955 956
955 987
955 988
957 924
957 990
958 926
958 957
958 959
958 990
958 991
959 926
959 992
960 928
960 959
960 961
960 992
960 993
961 928
961 994
962 930
962 961
962 963
962 994
962 995
963 930
963 996
964 932
964 963
964 965
964 996
964 997
965 932
965 998
966 934
966 965
966 967
966 998
966 999
967 934
967 1000
968 936
968 967
968 969
968 1000
968 1001
969 936
969 1002
970 938
970 969
970 971
970 1002
970 1003
971 938
971 1004
972 940
972 971
972 973
972 1004
972 1005
973 940
973 1006
974 942
974 973
974 975
974 1006
974 1007
975 942
975 1008
976 944
976 975
976 977
976 1008
976 1009
977 944
977 1010
978 946
978 977
978 979
978 1010
978 1011
979 946
979 1012
980 948
980 979
980 981
980 1012
980 1013
981 948
981 1014
982 950
982 981
982 983
982 1014
982 1015
983 950
983 1016
984 952
984 983
984 985
984 1016
984 1017
985 952
985 1018
986 954
986 985
986 987
986 1018
986 1019
987 954
987 1020
988 956
988 987
988 989
988 1020
988 1021
989 956
989 1022
991 959
991 990
991 992
991 1023
991 1024
993 961
993 992
993 994
993 1025
993 1026
995 963
995 994
995 996
995 1027
995 1028
997 965
997 996
997 998
997 1029
997 1030
999 967
999 998
999 1000
999 1031
999 1032
1001 969
1001 1000
1001 1002
1001 1033
1001 1034
1003 971
1003 1002
1003 1004
1003 1035
1003 1036
1005 973
1005 1004
1005 1006
1005 1037
1005 1038
1007 975
1007 1006
1007 1008
1007 1039
1007 1040
1009 977
1009 1008
1009 1010
1009 1041
1009 1042
1011 979
1011 1010
1011 1012
1011 1043
1011 1044
1013 981
1013 1012
1013 1014
1013 1045
1013 1046
1015 983
1015 1014
1015 1016
1015 1047
1015 1048
1017 985
1017 1016
1017 1018
1017 1049
1017 1050
1019 987
1019 1018
1019 1020
1019 1051
1019 1052
1021 989
1021 1020
1021 1022
1021 1053
1021 1054
1023 990
1023 1056
1024 992
1024 1023
1024 1025
1024 1056
1024 1057
1025 992
1025 1058
1026 994
1026 1025
1026 1027
1026 1058
1026 1059
1027 994
1027 1060
1028 996
1028 1027
1028 1029
1028 1060
1028 1061
1029 996
1029 1062
1030 998
1030 1029
1030 1031
1030 1062
1030 1063
1031 998
1031 1064
1032 1000
1032 1031
1032 1033
1032 1064
1032 1065
1033 1000
1033 1066
1034 1002
1034 1033
1034 1035
1034 1066
1034 1067
1035 1002
1035 1068
1036 1004
1036 1035
1036 1037
1036 1068
1036 1069
1037 1004
1037 1070
1038 1006
1038 1037
1038 1039
1038 1070
1038 1071
1039 1006
1039 1072
1040 1008
1040 1039
1040 1041
1040 1072
1040 1073
1041 1008
1041 1074
1042 1010
1042 1041
1042 1043
1042 1074
1042 1075
1043 1010
1043 1076
1044 1012
1044 1043
1044 1045
1044 1076
1044 1077
1045 1012
1045 1078
1046 1014
1046 1045
1046 1047
1046 1078
1046 1079
1047 1014
1047 1080
1048 1016
1048 1047
1048 1049
1048 1080
1048 1081
1049 1016
1049 1082
1050 1018
1050 1049
1050 1051
1050 1082
1050 1083
1051 1018
1051 1084
1052 1020
1052 1051
1052 1053
1052 1084
1052 1085
1053 1020
1053 1086
1054 1022
1054 1053
1054 1055
1054 1086
1054 1087
1055 1022
1055 1088
1057 1025
1057 1056
1057 1058
1059 1027
1059 1058
1059 1060
1061 1029
1061 1060
1061 1062
1063 1031
1063 1062
1063 1064
1065 1033
1065 1064
1065 1066
1067 1035
1067 1066
1067 1068
1069 1037
1069 1068
1069 1070
1071 1039
1071 1070
1071 1072
1073 1041
1073 1072
1073 1074
1075 1043
1075 1074
1075 1076
1077 1045
1077 1076
1077 1078
1079 1047
1079 1078
1079 1080
1081 1049
1081 1080
1081 1082
1083 1051
1083 1082
1083 1084
1085 1053
1085 1084
1085 1086
1087 1055
1087 1086
1087 1088
2048
1 33 0
1 33 34
1 34 2
3 35 2
3 35 36
3 36 4
5 37 4
5 37 38
5 38 6
7 39 6
7 39 40
7 40 8
9 41 8
9 41 42
9 42 10
11 43 10
11 43 44
11 44 12
13 45 12
13 45 46
13 46 14
15 47 14
15 47 48
15 48 16
17 49 16
17 49 50
17 50 18
19 51 18
19 51 52
19 52 20
21 53 20
21 53 54
21 54 22
23 55 22
23 55 56
23 56 24
25 57 24
25 57 58
25 58 26
27 59 26
27 59 60
27 60 28
29 61 28
29 61 62
29 62 30
31 63 30
31 63 64
31 64 32
34 33 66
34 35 2
34 35 67
34 67 66
36 35 68
36 37 4
36 37 69
36 69 68
38 37 70
38 39 6
38 39 71
38 71 70
40 39 72
40 41 8
40 41 73
40 73 72
42 41 74
42 43 10
42 43 75
42 75 74
44 43 76
44 45 12
44 45 77
44 77 76
46 45 78
46 47 14
46 47 79
46 79 78
48 47 80
48 49 16
48 49 81
48 81 80
50 49 82
50 51 18
50 51 83
50 83 82
52 51 84
52 53 20
52 53 85
52 85 84
54 53 86
54 55 22
54 55 87
54 87 86
56 55 88
56 57 24
56 57 89
56 89 88
58 57 90
58 59 26
58 59 91
58 91 90
60 59 92
60 61 28
60 61 93
60 93 92
62 61 94
62 63 30
62 63 95
62 95 94
64 63 96
64 65 32
64 65 97
64 97 96
67 35 68
67 99 66
67 99 100
67 100 68
69 37 70
69 101 68
69 101 102
69 102 70
71 39 72
71 103 70
71 103 104
71 104 72
73 41 74
73 105 72
73 105 106
73 106 74
75 43 76
75 107 74
75 107 108
75 108 76
77 45 78
77 109 76
77 109 110
77 110 78
79 47 80
79 111 78
79 111 112
79 112 80
81 49 82
81 113 80
81 113 114
81 114 82
83 51 84
83 115 82
83 115 116
83 116 84
85 53 86
85 117 84
85 117 118
85 118 86
87 55 88
87 119 86
87 119 120
87 120 88
89 57 90
89 121 88
89 121 122
89 122 90
91 59 92
91 123 90
91 123 124
91 124 92
93 61 94
93 125 92
93 125 126
93 126 94
95 63 96
95 127 94
95 127 128
95 128 96
97 65 98
97 129 96
97 129 130
97 130 98
100 99 132
100 101 68
100 101 133
100 133 132
102 101 134
102 103 70
102 103 135
102 135 134
104 103 136
104 105 72
104 105 137
104 137 136
106 105 138
106 107 74
106 107 139
106 139 138
108 107 140
108 109 76
108 109 141
108 141 140
110 109 142
110 111 78
110 111 143
110 143 142
112 111 144
112 113 80
112 113 145
112 145 144
114 113 146
114 115 82
114 115 147
114 147 146
116 115 148
116 117 84
116 117 149
116 149 148
118 117 150
118 119 86
118 119 151
118 151 150
120 119 152
120 121 88
120 121 153
120 153 152
122 121 154
122 123 90
122 123 155
122 155 154
124 123 156
124 125 92
124 125 157
124 157 156
126 125 158
126 127 94
126 127 159
126 159 158
128 127 160
128 129 96
128 129 161
128 161 160
130 129 162
130 131 98
130 131 163
130 163 162
133 101 134
133 165 132
133 165 166
133 166 134
135 103 136
135 167 134
135 167 168
135 168 136
137 105 138
137 169 136
137 169 170
137 170 138
139 107 140
139 171 138
139 171 172
139 172 140
141 109 142
141 173 140
141 173 174
141 174 142
143 111 144
143 175 142
143 175 176
143 176 144
145 113 146
145 177 144
145 177 178
145 178 146
147 115 148
147 179 146
147 179 180
147 180 148
149 117 150
149 181 148
149 181 182
149 182 150
151 119 152
151 183 150
151 183 184
151 184 152
153 121 154
153 185 152
153 185 186
153 186 154
155 123 156
155 187 154
155 187 188
155 188 156
157 125 158
157 189 156
157 189 190
157 190 158
159 127 160
159 191 158
159 191 192
159 192 160
161 129 162
161 193 160
161 193 194
161 194 162
163 131 164
163 195 162
163 195 196
163 196 164
166 165 198
166 167 134
166 167 199
166 199 198
168 167 200
168 169 136
168 169 201
168 201 200
170 169 202
170 171 138
170 171 203
170 203 202
172 171 204
172 173 140
172 173 205
172 205 204
174 173 206
174 175 142
174 175 207
174 207 206
176 175 208
176 177 144
176 177 209
176 209 208
178 177 210
178 179 146
178 179 211
178 211 210
180 179 212
180 181 148
180 181 213
180 213 212
182 181 214
182 183 150
182 183 215
182 215 214
184 183 216
184 185 152
184 185 217
184 217 216
186 185 218
186 187 154
186 187 219
186 219 218
188 187 220
188 189 156
188 189 221
188 221 220
190 189 222
190 191 158
190 191 223
190 223 222
192 191 224
192 193 160
192 193 225
192 225 224
194 193 226
194 195 162
194 195 227
194 227 226
196 195 228
196 197 164
196 197 229
196 229 228
199 167 200
199 231 198
199 231 232
199 232 200
201 169 202
201 233 200
201 233 234
201 234 202
203 171 204
203 235 202
203 235 236
203 236 204
205 173 206
205 237 204
205 237 238
205 238 206
207 175 208
207 239 206
207 239 240
207 240 208
209 177 210
209 241 208
209 241 242
209 242 210
211 179 212
211 243 210
211 243 244
211 244 212
213 181 214
213 245 212
213 245 246
213 246 214
215 183 216
215 247 214
215 247 248
215 248 216
217 185 218
217 249 216
217 249 250
217 250 218
219 187 220
219 251 218
219 251 252
219 252 220
221 189 222
221 253 220
221 253 254
221 254 222
223 191 224
223 255 222
223 255 256
223 256 224
225 193 226
225 257 224
225 257 258
225 258 226
227 195 228
227 259 226
227 259 260
227 260 228
229 197 230
229 261 228
229 261 262
229 262 230
232 231 264
232 233 200
232 233 265
232 265 264
234 233 266
234 235 202
234 235 267
234 267 266
236 235 268
236 237 204
236 237 269
236 269 268
238 237 270
238 239 206
238 239 271
238 271 270
240 239 272
240 241 208
240 241 273
240 273 272
242 241 274
242 243 210
242 243 275
242 275 274
244 243 276
244 245 212
244 245 277
244 277 276
246 245 278
246 247 214
246 247 279
246 279 278
248 247 280
248 249 216
248 249 281
248 281 280
250 249 282
250 251 218
250 251 283
250 283 282
252 251 284
252 253 220
252 253 285
252 285 284
254 253 286
254 255 222
254 255 287
254 287 286
256 255 288
256 257 224
256 257 289
256 289 288
258 257 290
258 259 226
258 259 291
258 291 290
260 259 292
260 261 228
260 261 293
260 293 292
262 261 294
262 263 230
262 263 295
262 295 294
265 233 266
265 297 264
265 297 298
265 298 266
267 235 268
267 299 266
267 299 300
267 300 268
269 237 270
269 301 268
269 301 302
269 302 270
271 239 272
271 303 270
271 303 304
271 304 272
273 241 274
273 305 272
273 305 306
273 306 274
275 243 276
275 307 274
275 307 308
275 308 276
277 245 278
277 309 276
277 309 310
277 310 278
279 247 280
279 311 278
279 311 312
279 312 280
281 249 282
281 313 280
281 313 314
281 314 282
283 251 284
283 315 282
283 315 316
283 316 284
285 253 286
285 317 284
285 317 318
285 318 286
287 255 288
287 319 286
287 319 320
287 320 288
289 257 290
289 321 288
289 321 322
289 322 290
291 259 292
291 323 290
291 323 324
291 324 292
293 261 294
293 325 292
293 325 326
293 326 294
295 263 296
295 327 294
295 327 328
295 328 296
298 297 330
298 299 266
298 299 331
298 331 330
300 299 332
300 301 268
300 301 333
300 333 332
302 301 334
302 303 270
302 303 335
302 335 334
304 303 336
304 305 272
304 305 337
304 337 336
306 305 338
306 307 274
306 307 339
306 339 338
308 307 340
308 309 276
308 309 341
308 341 340
310 309 342
310 311 278
310 311 343
310 343 342
312 311 344
312 313 280
312 313 345
312 345 344
314 313 346
314 315 282
314 315 347
314 347 346
316 315 348
316 317 284
316 317 349
316 349 348
318 317 350
318 319 286
318 319 351
318 351 350
320 319 352
320 321 288
320 321 353
320 353 352
322 321 354
322 323 290
322 323 355
322 355 354
324 323 356
324 325 292
324 325 357
324 357 356
326 325 358
326 327 294
326 327 359
326 359 358
328 327 360
328 329 296
328 329 361
328 361 360
331 299 332
331 363 330
331 363 364
331 364 332
333 301 334
333 365 332
333 365 366
333 366 334
335 303 336
335 367 334
335 367 368
335 368 336
337 305 338
337 369 336
337 369 370
337 370 338
339 307 340
339 371 338
339 371 372
339 372 340
341 309 342
341 373 340
341 373 374
341 374 342
343 311 344
343 375 342
343 375 376
343 376 344
345 313 346
345 377 344
345 377 378
345 378 346
347 315 348
347 379 346
347 379 380
347 380 348
349 317 350
349 381 348
349 381 382
349 382 350
351 319 352
351 383 350
351 383 384
351 384 352
353 321 354
353 385 352
353 385 386
353 386 354
355 323 356
355 387 354
355 387 388
355 388 356
357 325 358
357 389 356
357 389 390
357 390 358
359 327 360
359 391 358
359 391 392
359 392 360
361 329 362
361 393 360
361 393 394
361 394 362
364 363 396
364 365 332
364 365 397
364 397 396
366 365 398
366 367 334
366 367 399
366 399 398
368 367 400
368 369 336
368 369 401
368 401 400
370 369 402
370 371 338
370 371 403
370 403 402
372 371 404
372 373 340
372 373 405
372 405 404
374 373 406
374 375 342
374 375 407
374 407 406
376 375 408
376 377 344
376 377 409
376 409 408
378 377 410
378 379 346
378 379 411
378 411 410
380 379 412
380 381 348
380 381 413
380 413 412
382 381 414
382 383 350
382 383 415
382 415 414
384 383 416
384 385 352
384 385 417
384 417 416
386 385 418
386 387 354
386 387 419
386 419 418
388 387 420
388 389 356
388 389 421
388 421 420
390 389 422
390 391 358
390 391 423
390 423 422
392 391 424
392 393 360
392 393 425
392 425 424
394 393 426
394 395 362
394 395 427
394 427 426
397 365 398
397 429 396
397 429 430
397 430 398
399 367 400
399 431 398
399 431 432
399 432 400
401 369 402
401 433 400
401 433 434
401 434 402
403 371 404
403 435 402
403 435 436
403 436 404
405 373 406
405 437 404
405 437 438
405 438 406
407 375 408
407 439 406
407 439 440
407 440 408
409 377 410
409 441 408
409 441 442
409 442 410
411 379 412
411 443 410
411 443 444
411 444 412
413 381 414
413 445 412
413 445 446
413 446 414
415 383 416
415 447 414
415 447 448
415 448 416
417 385 418
417 449 416
417 449 450
417 450 418
419 387 420
419 451 418
419 451 452
419 452 420
421 389 422
421 453 420
421 453 454
421 454 422
423 391 424
423 455 422
423 455 456
423 456 424
425 393 426
425 457 424
425 457 458
425 458 426
427 395 428
427 459 426
427 459 460
427 460 428
430 429 462
430 431 398
430 431 463
430 463 462
432 431 464
432 433 400
432 433 465
432 465 464
434 433 466
434 435 402
434 435 467
434 467 466
436 435 468
436 437 404
436 437 469
436 469 468
438 437 470
438 439 406
438 439 471
438 471 470
440 439 472
440 441 408
440 441 473
440 473 472
442 441 474
442 443 410
442 443 475
442 475 474
444 443 476
444 445 412
444 445 477
444 477 476
446 445 478
446 447 414
446 447 479
446 479 478
448 447 480
448 449 416
448 449 481
448 481 480
450 449 482
450 451 418
450 451 483
450 483 482
452 451 484
452 453 420
452 453 485
452 485 484
454 453 486
454 455 422
454 455 487
454 487 486
456 455 488
456 457 424
456 457 489
456 489 488
458 457 490
458 459 426
458 459 491
458 491 490
460 459 492
460 461 428
460 461 493
460 493 492
463 431 464
463 495 462
463 495 496
463 496 464
465 433 466
465 497 464
465 497 498
465 498 466
467 435 468
467 499 466
467 499 500
467 500 468
469 437 470
469 501 468
469 501 502
469 502 470
471 439 472
471 503 470
471 503 504
471 504 472
473 441 474
473 505 472
473 505 506
473 506 474
475 443 476
475 507 474
475 507 508
475 508 476
477 445 478
477 509 476
477 509 510
477 510 478
479 447 480
479 511 478
479 511 512
479 512 480
481 449 482
481 513 480
481 513 514
481 514 482
483 451 484
483 515 482
483 515 516
483 516 484
485 453 486
485 517 484
485 517 518
485 518 486
487 455 488
487 519 486
487 519 520
487 520 488
489 457 490
489 521 488
489 521 522
489 522 490
491 459 492
491 523 490
491 523 524
491 524 492
493 461 494
493 525 492
493 525 526
493 526 494
496 495 528
496 497 464
496 497 529
496 529 528
498 497 530
498 499 466
498 499 531
498 531 530
500 499 532
500 501 468
500 501 533
500 533 532
502 501 534
502 503 470
502 503 535
502 535 534
504 503 536
504 505 472
504 505 537
504 537 536
506 505 538
506 507 474
506 507 539
506 539 538
508 507 540
508 509 476
508 509 541
508 541 540
510 509 542
510 511 478
510 511 543
510 543 542
512 511 544
512 513 480
512 513 545
512 545 544
514 513 546
514 515 482
514 515 547
514 547 546
516 515 548
516 517 484
516 517 549
516 549 548
518 517 550
518 519 486
518 519 551
518 551 550
520 519 552
520 521 488
520 521 553
520 553 552
522 521 554
522 523 490
522 523 555
522 555 554
524 523 556
524 525 492
524 525 557
524 557 556
526 525 558
526 527 494
526 527 559
526 559 558
529 497 530
529 561 528
529 561 562
529 562 530
531 499 532
531 563 530
531 563 564
531 564 532
533 501 534
533 565 532
533 565 566
533 566 534
535 503 536
535 567 534
535 567 568
535 568 536
537 505 538
537 569 536
537 569 570
537 570 538
539 507 540
539 571 538
539 571 572
539 572 540
541 509 542
541 573 540
541 573 574
541 574 542
543 511 544
543 575 542
543 575 576
543 576 544
545 513 546
545 577 544
545 577 578
545 578 546
547 515 548
547 579 546
547 579 580
547 580 548
549 517 550
549 581 548
549 581 582
549 582 550
551 519 552
551 583 550
551 583 584
551 584 552
553 521 554
553 585 552
553 585 586
553 586 554
555 523 556
555 587 554
555 587 588
555 588 556
557 525 558
557 589 556
557 589 590
557 590 558
559 527 560
559 591 558
559 591 592
559 592 560
562 561 594
562 563 530
562 563 595
562 595 594
564 563 596
564 565 532
564 565 597
564 597 596
566 565 598
566 567 534
566 567 599
566 599 598
568 567 600
568 569 536
568 569 601
568 601 600
570 569 602
570 571 538
570 571 603
570 603 602
572 571 604
572 573 540
572 573 605
572 605 604
574 573 606
574 575 542
574 575 607
574 607 606
576 575 608
576 577 544
576 577 609
576 609 608
578 577 610
578 579 546
578 579 611
578 611 610
580 579 612
580 581 548
580 581 613
580 613 612
582 581 614
582 583 550
582 583 615
582 615 614
584 583 616
584 585 552
584 585 617
584 617 616
586 585 618
586 587 554
586 587 619
586 619 618
588 587 620
588 589 556
588 589 621
588 621 620
590 589 622
590 591 558
590 591 623
590 623 622
592 591 624
592 593 560
592 593 625
592 625 624
595 563 596
595 627 594
595 627 628
595 628 596
597 565 598
597 629 596
597 629 630
597 630 598
599 567 600
599 631 598
599 631 632
599 632 600
601 569 602
601 633 600
601 633 634
601 634 602
603 571 604
603 635 602
603 635 636
603 636 604
605 573 606
605 637 604
605 637 638
605 638 606
607 575 608
607 639 606
607 639 640
607 640 608
609 577 610
609 641 608
609 641 642
609 642 610
611 579 612
611 643 610
611 643 644
611 644 612
613 581 614
613 645 612
613 645 646
613 646 614
615 583 616
615 647 614
615 647 648
615 648 616
617 585 618
617 649 616
617 649 650
617 650 618
619 587 620
619 651 618
619 651 652
619 652 620
621 589 622
621 653 620
621 653 654
621 654 622
623 591 624
623 655 622
623 655 656
623 656 624
625 593 626
625 657 624
625 657 658
625 658 626
628 627 660
628 629 596
628 629 661
628 661 660
630 629 662
630 631 598
630 631 663
630 663 662
632 631 664
632 633 600
632 633 665
632 665 664
634 633 666
634 635 602
634 635 667
634 667 666
636 635 668
636 637 604
636 637 669
636 669 668
638 637 670
638 639 606
638 639 671
638 671 670
640 639 672
640 641 608
640 641 673
640 673 672
642 641 674
642 643 610
642 643 675
642 675 674
644 643 676
644 645 612
644 645 677
644 677 676
646 645 678
646 647 614
646 647 679
646 679 678
648 647 680
648 649 616
648 649 681
648 681 680
650 649 682
650 651 618
650 651 683
650 683 682
652 651 684
652 653 620
652 653 685
652 685 684
654 653 686
654 655 622
654 655 687
654 687 686
656 655 688
656 657 624
656 657 689
656 689 688
658 657 690
658 659 626
658 659 691
658 691 690
661 629 662
661 693 660
661 693 694
661 694 662
663 631 664
663 695 662
663 695 696
663 696 664
665 633 666
665 697 664
665 697 698
665 698 666
667 635 668
667 699 666
667 699 700
667 700 668
669 637 670
669 701 668
669 701 702
669 702 670
671 639 672
671 703 670
671 703 704
671 704 672
673 641 674
673 705 672
673 705 706
673 706 674
675 643 676
675 707 674
675 707 708
675 708 676
677 645 678
677 709 676
677 709 710
677 710 678
679 647 680
679 711 678
679 711 712
679 712 680
681 649 682
681 713 680
681 713 714
681 714 682
683 651 684
683 715 682
683 715 716
683 716 684
685 653 686
685 717 684
685 717 718
685 718 686
687 655 688
687 719 686
687 719 720
687 720 688
689 657 690
689 721 688
689 721 722
689 722 690
691 659 692
691 723 690
691 723 724
691 724 692
694 693 726
694 695 662
694 695 727
694 727 726
696 695 728
696 697 664
696 697 729
696 729 728
698 697 730
698 699 666
698 699 731
698 731 730
700 699 732
700 701 668
700 701 733
700 733 732
702 701 734
702 703 670
702 703 735
702 735 734
704 703 736
704 705 672
704 705 737
704 737 736
706 705 738
706 707 674
706 707 739
706 739 738
708 707 740
708 709 676
708 709 741
708 741 740
710 709 742
710 711 678
710 711 743
710 743 742
712 711 744
712 713 680
712 713 745
712 745 744
714 713 746
714 715 682
714 715 747
714 747 746
716 715 748
716 717 684
716 717 749
716 749 748
718 717 750
718 719 686
718 719 751
718 751 750
720 719 752
720 721 688
720 721 753
720 753 752
722 721 754
722 723 690
722 723 755
722 755 754
724 723 756
724 725 692
724 725 757
724 757 756
727 695 728
727 759 726
727 759 760
727 760 728
729 697 730
729 761 728
729 761 762
729 762 730
731 699 732
731 763 730
731 763 764
731 764 732
733 701 734
733 765 732
733 765 766
733 766 734
735 703 736
735 767 734
735 767 768
735 768 736
737 705 738
737 769 736
737 769 770
737 770 738
739 707 740
739 771 738
739 771 772
739 772 740
741 709 742
741 773 740
741 773 774
741 774 742
743 711 744
743 775 742
743 775 776
743 776 744
745 713 746
745 777 744
745 777 778
745 778 746
747 715 748
747 779 746
747 779 780
747 780 748
749 717 750
749 781 748
749 781 782
749 782 750
751 719 752
751 783 750
751 783 784
751 784 752
753 721 754
753 785 752
753 785 786
753 786 754
755 723 756
755 787 754
755 787 788
755 788 756
757 725 758
757 789 756
757 789 790
757 790 758
760 759 792
760 761 728
760 761 793
760 793 792
762 761 794
762 763 730
762 763 795
762 795 794
764 763 796
764 765 732
764 765 797
764 797 796
766 765 798
766 767 734
766 767 799
766 799 798
768 767 800
768 769 736
768 769 801
768 801 800
770 769 802
770 771 738
770 771 803
770 803 802
772 771 804
772 773 740
772 773 805
772 805 804
774 773 806
774 775 742
774 775 807
774 807 806
776 775 808
776 777 744
776 777 809
776 809 808
778 777 810
778 779 746
778 779 811
778 811 810
780 779 812
780 781 748
780 781 813
780 813 812
782 781 814
782 783 750
782 783 815
782 815 814
784 783 816
784 785 752
784 785 817
784 817 816
786 785 818
786 787 754
786 787 819
786 819 818
788 787 820
788 789 756
788 789 821
788 821 820
790 789 822
790 791 758
790 791 823
790 823 822
793 761 794
793 825 792
793 825 826
793 826 794
795 763 796
795 827 794
795 827 828
795 828 796
797 765 798
797 829 796
797 829 830
797 830 798
799 767 800
799 831 798
799 831 832
799 832 800
801 769 802
801 833 800
801 833 834
801 834 802
803 771 804
803 835 802
803 835 836
803 836 804
805 773 806
805 837 804
805 837 838
805 838 806
807 775 808
807 839 806
807 839 840
807 840 808
809 777 810
809 841 808
809 841 842
809 842 810
811 779 812
811 843 810
811 843 844
811 844 812
813 781 814
813 845 812
813 845 846
813 846 814
815 783 816
815 847 814
815 847 848
815 848 816
817 785 818
817 849 816
817 849 850
817 850 818
819 787 820
819 851 818
819 851 852
819 852 820
821 789 822
821 853 820
821 853 854
821 854 822
823 791 824
823 855 822
823 855 856
823 856 824
826 825 858
826 827 794
826 827 859
826 859 858
828 827 860
828 829 796
828 829 861
828 861 860
830 829 862
830 831 798
830 831 863
830 863 862
832 831 864
832 833 800
832 833 865
832 865 864
834 833 866
834 835 802
834 835 867
834 867 866
836 835 868
836 837 804
836 837 869
836 869 868
838 837 870
838 839 806
838 839 871
838 871 870
840 839 872
840 841 808
840 841 873
840 873 872
842 841 874
842 843 810
842 843 875
842 875 874
844 843 876
844 845 812
844 845 877
844 877 876
846 845 878
846 847 814
846 847 879
846 879 878
848 847 880
848 849 816
848 849 881
848 881 880
850 849 882
850 851 818
850 851 883
850 883 882
852 851 884
852 853 820
852 853 885
852 885 884
854 853 886
854 855 822
854 855 887
854 887 886
856 855 888
856 857 824
856 857 889
856 889 888
859 827 860
859 891 858
859 891 892
859 892 860
861 829 862
861 893 860
861 893 894
861 894 862
863 831 864
863 895 862
863 895 896
863 896 864
865 833 866
865 897 864
865 897 898
865 898 866
867 835 868
867 899 866
867 899 900
867 900 868
869 837 870
869 901 868
869 901 902
869 902 870
871 839 872
871 903 870
871 903 904
871 904 872
873 841 874
873 905 872
873 905 906
873 906 874
875 843 876
875 907 874
875 907 908
875 908 876
877 845 878
877 909 876
877 909 910
877 910 878
879 847 880
879 911 878
879 911 912
879 912 880
881 849 882
881 913 880
881 913 914
881 914 882
883 851 884
883 915 882
883 915 916
883 916 884
885 853 886
885 917 884
885 917 918
885 918 886
887 855 888
887 919 886
887 919 920
887 920 888
889 857 890
889 921 888
889 921 922
889 922 890
892 891 924
892 893 860
892 893 925
892 925 924
894 893 926
894 895 862
894 895 927
894 927 926
896 895 928
896 897 864
896 897 929
896 929 928
898 897 930
898 899 866
898 899 931
898 931 930
900 899 932
900 901 868
900 901 933
900 933 932
902 901 934
902 903 870
902 903 935
902 935 934
904 903 936
904 905 872
904 905 937
904 937 936
906 905 938
906 907 874
906 907 939
906 939 938
908 907 940
908 909 876
908 909 941
908 941 940
910 909 942
910 911 878
910 911 943
910 943 942
912 911 944
912 913 880
912 913 945
912 945 944
914 913 946
914 915 882
914 915 947
914 947 946
916 915 948
916 917 884
916 917 949
916 949 948
918 917 950
918 919 886
918 919 951
918 951 950
920 919 952
920 921 888
920 921 953
920 953 952
922 921 954
922 923 890
922 923 955
922 955 954
925 893 926
925 957 924
925 957 958
925 958 926
927 895 928
927 959 926
927 959 960
927 960 928
929 897 930
929 961 928
929 961 962
929 962 930
931 899 932
931 963 930
931 963 964
931 964 932
933 901 934
933 965 932
933 965 966
933 966 934
935 903 936
935 967 934
935 967 968
935 968 936
937 905 938
937 969 936
937 969 970
937 970 938
939 907 940
939 971 938
939 971 972
939 972 940
941 909 942
941 973 940
941 973 974
941 974 942
943 911 944
943 975 942
943 975 976
943 976 944
945 913 946
945 977 944
945 977 978
945 978 946
947 915 948
947 979 946
947 979 980
947 980 948
949 917 950
949 981 948
949 981 982
949 982 950
951 919 952
951 983 950
951 983 984
951 984 952
953 921 954
953 985 952
953 985 986
953 986 954
955 923 956
955 987 954
955 987 988
955 988 956
958 957 990
958 959 926
958 959 991
958 991 990
960 959 992
960 961 928
960 961 993
960 993 992
962 961 994
962 963 930
962 963 995
962 995 994
964 963 996
964 965 932
964 965 997
964 997 996
966 965 998
966 967 934
966 967 999
966 999 998
968 967 1000
968 969 936
968 969 1001
968 1001 1000
970 969 1002
970 971 938
970 971 1003
970 1003 1002
972 971 1004
972 973 940
972 973 1005
972 1005 1004
974 973 1006
974 975 942
974 975 1007
974 1007 1006
976 975 1008
976 977 944
976 977 1009
976 1009 1008
978 977 1010
978 979 946
978 979 1011
978 1011 1010
980 979 1012
980 981 948
980 981 1013
980 1013 1012
982 981 1014
982 983 950
982 983 1015
982 1015 1014
984 983 1016
984 985 952
984 985 1017
984 1017 1016
986 985 1018
986 987 954
986 987 1019
986 1019 1018
988 987 1020
988 989 956
988 989 1021
988 1021 1020
991 959 992
991 1023 990
991 1023 1024
991 1024 992
993 961 994
993 1025 992
993 1025 1026
993 1026 994
995 963 996
995 1027 994
995 1027 1028
995 1028 996
997 965 998
997 1029 996
997 1029 1030
997 1030 998
999 967 1000
999 1031 998
999 1031 1032
999 1032 1000
1001 969 1002
1001 1033 1000
1001 1033 1034
1001 1034 1002
1003 971 1004
1003 1035 1002
1003 1035 1036
1003 1036 1004
1005 973 1006
1005 1037 1004
1005 1037 1038
1005 1038 1006
1007 975 1008
1007 1039 1006
1007 1039 1040
1007 1040 1008
1009 977 1010
1009 1041 1008
1009 1041 1042
1009 1042 1010
1011 979 1012
1011 1043 1010
1011 1043 1044
1011 1044 1012
1013 981 1014
1013 1045 1012
1013 1045 1046
1013 1046 1014
1015 983 1016
1015 1047 1014
1015 1047 1048
1015 1048 1016
1017 985 1018
1017 1049 1016
1017 1049 1050
1017 1050 1018
1019 987 1020
1019 1051 1018
1019 1051 1052
1019 1052 1020
1021 989 1022
1021 1053 1020
1021 1053 1054
1021 1054 1022
1024 1023 1056
1024 1025 992
1024 1025 1057
1024 1057 1056
1026 1025 1058
1026 1027 994
1026 1027 1059
1026 1059 1058
1028 1027 1060
1028 1029 996
1028 1029 1061
1028 1061 1060
1030 1029 1062
1030 1031 998
1030 1031 1063
1030 1063 1062
1032 1031 1064
1032 1033 1000
1032 1033 1065
1032 1065 1064
1034 1033 1066
1034 1035 1002
1034 1035 1067
1034 1067 1066
1036 1035 1068
1036 1037 1004
1036 1037 1069
1036 1069 1068
1038 1037 1070
1038 1039 1006
1038 1039 1071
1038 1071 1070
1040 1039 1072
1040 1041 1008
1040 1041 1073
1040 1073 1072
1042 1041 1074
1042 1043 1010
1042 1043 1075
1042 1075 1074
1044 1043 1076
1044 1045 1012
1044 1045 1077
1044 1077 1076
1046 1045 1078
1046 1047 1014
1046 1047 1079
1046 1079 1078
1048 1047 1080
1048 1049 1016
1048 1049 1081
1048 1081 1080
1050 1049 1082
1050 1051 1018
1050 1051 1083
1050 1083 1082
1052 1051 1084
1052 1053 1020
1052 1053 1085
1052 1085 1084
1054 1053 1086
1054 1055 1022
1054 1055 1087
1054 1087 1086
1057 1025 1058
1059 1027 1060
1061 1029 1062
1063 1031 1064
1065 1033 1066
1067 1035 1068
1069 1037 1070
1071 1039 1072
1073 1041 1074
1075 1043 1076
1077 1045 1078
1079 1047 1080
1081 1049 1082
1083 1051 1084
1085 1053 1086
1087 1055 1088
