66
0 -10 0 -10
1 -10 0 -5
2 -10 0 0
3 -10 0 5
4 -10 0 10
5 -7.5 -2.5 -7.5
6 -7.5 -2.5 -2.5
7 -7.5 -2.5 2.5
8 -7.5 -2.5 7.5
9 -7.5 2.5 -7.5
10 -7.5 2.5 -2.5
11 -7.5 2.5 2.5
12 -7.5 2.5 7.5
13 -5 -5 -5
14 -5 -5 0
15 -5 -5 5
16 -5 0 -10
17 -5 0 10
18 -5 5 -5
19 -5 5 0
20 -5 5 5
21 -2.5 -7.5 -2.5
22 -2.5 -7.5 2.5
23 -2.5 -2.5 -7.5
24 -2.5 -2.5 7.5
25 -2.5 2.5 -7.5
26 -2.5 2.5 7.5
27 -2.5 7.5 -2.5
28 -2.5 7.5 2.5
29 0 -10 0
30 0 -5 -5
31 0 -5 5
32 0 0 -10
33 0 0 10
34 0 5 -5
35 0 5 5
36 0 10 0
37 2.5 -7.5 -2.5
38 2.5 -7.5 2.5
39 2.5 -2.5 -7.5
40 2.5 -2.5 7.5
41 2.5 2.5 -7.5
42 2.5 2.5 7.5
43 2.5 7.5 -2.5
44 2.5 7.5 2.5
45 5 -5 -5
46 5 -5 0
47 5 -5 5
48 5 0 -10
49 5 0 10
50 5 5 -5
51 5 5 0
52 5 5 5
53 7.5 -2.5 -7.5
54 7.5 -2.5 -2.5
55 7.5 -2.5 2.5
56 7.5 -2.5 7.5
57 7.5 2.5 -7.5
58 7.5 2.5 -2.5
59 7.5 2.5 2.5
60 7.5 2.5 7.5
61 10 0 -10
62 10 0 -5
63 10 0 0
64 10 0 5
65 10 0 10
192
1 0
1 2
1 5
1 6
1 9
1 10
3 2
3 4
3 7
3 8
3 11
3 12
5 0
5 13
5 16
5 23
6 2
6 5
6 7
6 13
6 14
7 2
7 15
8 4
8 7
8 15
8 17
8 24
9 0
9 16
9 18
9 25
10 2
10 9
10 11
10 18
10 19
11 2
11 20
12 4
12 11
12 17
12 20
12 26
14 7
14 13
14 15
14 21
14 22
16 0
16 32
17 4
17 33
19 11
19 18
19 20
19 27
19 28
21 13
21 29
21 30
21 37
22 15
22 21
22 29
22 31
22 38
23 13
23 16
23 30
23 32
23 39
24 15
24 17
24 31
24 33
24 40
25 16
25 18
25 32
25 34
25 41
26 17
26 20
26 33
26 35
26 42
27 18
27 34
27 36
27 43
28 20
28 27
28 35
28 36
28 44
30 13
30 45
31 15
31 47
34 18
34 50
35 20
35 52
37 29
37 30
37 38
37 45
37 46
38 29
38 31
38 47
39 30
39 32
39 45
39 48
39 53
40 31
40 33
40 47
40 49
40 56
41 32
41 34
41 48
41 50
41 57
42 33
42 35
42 49
42 52
42 60
43 34
43 36
43 44
43 50
43 51
44 35
44 36
44 52
46 38
46 45
46 47
46 54
46 55
48 32
48 61
49 33
49 65
51 44
51 50
51 52
51 58
51 59
53 45
53 48
53 54
53 61
53 62
54 45
54 63
55 47
55 54
55 56
55 63
55 64
56 47
56 49
56 65
57 48
57 50
57 58
57 61
57 62
58 50
58 63
59 52
59 58
59 60
59 63
59 64
60 49
60 52
60 65
62 54
62 58
62 61
62 63
64 56
64 60
64 63
64 65
128
1 5 0
1 5 6
1 6 2
1 9 0
1 9 10
1 10 2
3 7 2
3 7 8
3 8 4
3 11 2
3 11 12
3 12 4
5 16 0
5 16 23
5 23 13
6 5 13
6 7 2
6 7 14
6 14 13
8 7 15
8 17 4
8 17 24
8 24 15
9 16 0
9 16 25
9 25 18
10 9 18
10 11 2
10 11 19
10 19 18
12 11 20
12 17 4
12 17 26
12 26 20
14 7 15
14 21 13
14 21 22
14 22 15
19 11 20
19 27 18
19 27 28
19 28 20
21 30 13
21 30 37
21 37 29
22 21 29
22 31 15
22 31 38
22 38 29
23 16 32
23 30 13
23 30 39
23 39 32
24 17 33
24 31 15
24 31 40
24 40 33
25 16 32
25 34 18
25 34 41
25 41 32
26 17 33
26 35 20
26 35 42
26 42 33
27 34 18
27 34 43
27 43 36
28 27 36
28 35 20
28 35 44
28 44 36
37 30 45
37 38 29
37 38 46
37 46 45
38 31 47
39 30 45
39 48 32
39 48 53
39 53 45
40 31 47
40 49 33
40 49 56
40 56 47
41 34 50
41 48 32
41 48 57
41 57 50
42 35 52
42 49 33
42 49 60
42 60 52
43 34 50
43 44 36
43 44 51
43 51 50
44 35 52
46 38 47
46 54 45
46 54 55
46 55 47
51 44 52
51 58 50
51 58 59
51 59 52
53 48 61
53 54 45
53 54 62
53 62 61
55 54 63
55 56 47
55 56 64
55 64 63
56 49 65
57 48 61
57 58 50
57 58 62
57 62 61
59 58 63
59 60 52
59 60 64
59 64 63
60 49 65
62 54 63
62 58 63
64 56 65
64 60 65
