81
0 -10 0 -10
1 -10 0 -7.5
2 -10 0 -5
3 -10 0 -2.5
4 -10 0 0
5 -10 0 2.5
6 -10 0 5
7 -10 0 7.5
8 -10 0 10
9 -7.5 0 -10
10 -7.5 0 -7.5
11 -7.5 0 -5
12 -7.5 0 -2.5
13 -7.5 0 0
14 -7.5 0 2.5
15 -7.5 0 5
16 -7.5 0 7.5
17 -7.5 0 10
18 -5 0 -10
19 -5 0 -7.5
20 -5 0 -5
21 -5 0 -2.5
22 -5 0 0
23 -5 0 2.5
24 -5 0 5
25 -5 0 7.5
26 -5 0 10
27 -2.5 0 -10
28 -2.5 0 -7.5
29 -2.5 0 -5
30 -2.5 0 -2.5
31 -2.5 0 0
32 -2.5 0 2.5
33 -2.5 0 5
34 -2.5 0 7.5
35 -2.5 0 10
36 0 0 -10
37 0 0 -7.5
38 0 0 -5
39 0 0 -2.5
40 0 0 0
41 0 0 2.5
42 0 0 5
43 0 0 7.5
44 0 0 10
45 2.5 0 -10
46 2.5 0 -7.5
47 2.5 0 -5
48 2.5 0 -2.5
49 2.5 0 0
50 2.5 0 2.5
51 2.5 0 5
52 2.5 0 7.5
53 2.5 0 10
54 5 0 -10
55 5 0 -7.5
56 5 0 -5
57 5 0 -2.5
58 5 0 0
59 5 0 2.5
60 5 0 5
61 5 0 7.5
62 5 0 10
63 7.5 0 -10
64 7.5 0 -7.5
65 7.5 0 -5
66 7.5 0 -2.5
67 7.5 0 0
68 7.5 0 2.5
69 7.5 0 5
70 7.5 0 7.5
71 7.5 0 10
72 10 0 -10
73 10 0 -7.5
74 10 0 -5
75 10 0 -2.5
76 10 0 0
77 10 0 2.5
78 10 0 5
79 10 0 7.5
80 10 0 10
208
1 0
1 2
1 10
1 11
3 2
3 4
3 12
3 13
5 4
5 6
5 14
5 15
7 6
7 8
7 16
7 17
9 0
9 10
9 18
9 19
10 0
10 20
11 2
11 10
11 12
11 20
11 21
12 2
12 22
13 4
13 12
13 14
13 22
13 23
14 4
14 24
15 6
15 14
15 16
15 24
15 25
16 6
16 26
17 8
17 16
17 26
19 10
19 18
19 20
19 28
19 29
21 12
21 20
21 22
21 30
21 31
23 14
23 22
23 24
23 32
23 33
25 16
25 24
25 26
25 34
25 35
27 18
27 28
27 36
27 37
28 18
28 38
29 20
29 28
29 30
29 38
29 39
30 20
30 40
31 22
31 30
31 32
31 40
31 41
32 22
32 42
33 24
33 32
33 34
33 42
33 43
34 24
34 44
35 26
35 34
35 44
37 28
37 36
37 38
37 46
37 47
39 30
39 38
39 40
39 48
39 49
41 32
41 40
41 42
41 50
41 51
43 34
43 42
43 44
43 52
43 53
45 36
45 46
45 54
45 55
46 36
46 56
47 38
47 46
47 48
47 56
47 57
48 38
48 58
49 40
49 48
49 50
49 58
49 59
50 40
50 60
51 42
51 50
51 52
51 60
51 61
52 42
52 62
53 44
53 52
53 62
55 46
55 54
55 56
55 64
55 65
57 48
57 56
57 58
57 66
57 67
59 50
59 58
59 60
59 68
59 69
61 52
61 60
61 62
61 70
61 71
63 54
63 64
63 72
63 73
64 54
64 74
65 56
65 64
65 66
65 74
65 75
66 56
66 76
67 58
67 66
67 68
67 76
67 77
68 58
68 78
69 60
69 68
69 70
69 78
69 79
70 60
70 80
71 62
71 70
71 80
73 64
73 72
73 74
75 66
75 74
75 76
77 68
77 76
77 78
79 70
79 78
79 80
128
1 10 0
1 10 11
1 11 2
3 12 2
3 12 13
3 13 4
5 14 4
5 14 15
5 15 6
7 16 6
7 16 17
7 17 8
9 10 0
9 10 19
9 19 18
11 10 20
11 12 2
11 12 21
11 21 20
13 12 22
13 14 4
13 14 23
13 23 22
15 14 24
15 16 6
15 16 25
15 25 24
17 16 26
19 10 20
19 28 18
19 28 29
19 29 20
21 12 22
21 30 20
21 30 31
21 31 22
23 14 24
23 32 22
23 32 33
23 33 24
25 16 26
25 34 24
25 34 35
25 35 26
27 28 18
27 28 37
27 37 36
29 28 38
29 30 20
29 30 39
29 39 38
31 30 40
31 32 22
31 32 41
31 41 40
33 32 42
33 34 24
33 34 43
33 43 42
35 34 44
37 28 38
37 46 36
37 46 47
37 47 38
39 30 40
39 48 38
39 48 49
39 49 40
41 32 42
41 50 40
41 50 51
41 51 42
43 34 44
43 52 42
43 52 53
43 53 44
45 46 36
45 46 55
45 55 54
47 46 56
47 48 38
47 48 57
47 57 56
49 48 58
49 50 40
49 50 59
49 59 58
51 50 60
51 52 42
51 52 61
51 61 60
53 52 62
55 46 56
55 64 54
55 64 65
55 65 56
57 48 58
57 66 56
57 66 67
57 67 58
59 50 60
59 68 58
59 68 69
59 69 60
61 52 62
61 70 60
61 70 71
61 71 62
63 64 54
63 64 73
63 73 72
65 64 74
65 66 56
65 66 75
65 75 74
67 66 76
67 68 58
67 68 77
67 77 76
69 68 78
69 70 60
69 70 79
69 79 78
71 70 80
73 64 74
75 66 76
77 68 78
79 70 80
