289
0 -20 0 -20
1 -20 0 -17.5
2 -20 0 -15
3 -20 0 -12.5
4 -20 0 -10
5 -20 0 -7.5
6 -20 0 -5
7 -20 0 -2.5
8 -20 0 0
9 -20 0 2.5
10 -20 0 5
11 -20 0 7.5
12 -20 0 10
13 -20 0 12.5
14 -20 0 15
15 -20 0 17.5
16 -20 0 20
17 -17.5 0 -20
18 -17.5 0 -17.5
19 -17.5 0 -15
20 -17.5 0 -12.5
21 -17.5 0 -10
22 -17.5 0 -7.5
23 -17.5 0 -5
24 -17.5 0 -2.5
25 -17.5 0 0
26 -17.5 0 2.5
27 -17.5 0 5
28 -17.5 0 7.5
29 -17.5 0 10
30 -17.5 0 12.5
31 -17.5 0 15
32 -17.5 0 17.5
33 -17.5 0 20
34 -15 0 -20
35 -15 0 -17.5
36 -15 0 -15
37 -15 0 -12.5
38 -15 0 -10
39 -15 0 -7.5
40 -15 0 -5
41 -15 0 -2.5
42 -15 0 0
43 -15 0 2.5
44 -15 0 5
45 -15 0 7.5
46 -15 0 10
47 -15 0 12.5
48 -15 0 15
49 -15 0 17.5
50 -15 0 20
51 -12.5 0 -20
52 -12.5 0 -17.5
53 -12.5 0 -15
54 -12.5 0 -12.5
55 -12.5 0 -10
56 -12.5 0 -7.5
57 -12.5 0 -5
58 -12.5 0 -2.5
59 -12.5 0 0
60 -12.5 0 2.5
61 -12.5 0 5
62 -12.5 0 7.5
63 -12.5 0 10
64 -12.5 0 12.5
65 -12.5 0 15
66 -12.5 0 17.5
67 -12.5 0 20
68 -10 0 -20
69 -10 0 -17.5
70 -10 0 -15
71 -10 0 -12.5
72 -10 0 -10
73 -10 0 -7.5
74 -10 0 -5
75 -10 0 -2.5
76 -10 0 0
77 -10 0 2.5
78 -10 0 5
79 -10 0 7.5
80 -10 0 10
81 -10 0 12.5
82 -10 0 15
83 -10 0 17.5
84 -10 0 20
85 -7.5 0 -20
86 -7.5 0 -17.5
87 -7.5 0 -15
88 -7.5 0 -12.5
89 -7.5 0 -10
90 -7.5 0 -7.5
91 -7.5 0 -5
92 -7.5 0 -2.5
93 -7.5 0 0
94 -7.5 0 2.5
95 -7.5 0 5
96 -7.5 0 7.5
97 -7.5 0 10
98 -7.5 0 12.5
99 -7.5 0 15
100 -7.5 0 17.5
101 -7.5 0 20
102 -5 0 -20
103 -5 0 -17.5
104 -5 0 -15
105 -5 0 -12.5
106 -5 0 -10
107 -5 0 -7.5
108 -5 0 -5
109 -5 0 -2.5
110 -5 0 0
111 -5 0 2.5
112 -5 0 5
113 -5 0 7.5
114 -5 0 10
115 -5 0 12.5
116 -5 0 15
117 -5 0 17.5
118 -5 0 20
119 -2.5 0 -20
120 -2.5 0 -17.5
121 -2.5 0 -15
122 -2.5 0 -12.5
123 -2.5 0 -10
124 -2.5 0 -7.5
125 -2.5 0 -5
126 -2.5 0 -2.5
127 -2.5 0 0
128 -2.5 0 2.5
129 -2.5 0 5
130 -2.5 0 7.5
131 -2.5 0 10
132 -2.5 0 12.5
133 -2.5 0 15
134 -2.5 0 17.5
135 -2.5 0 20
136 0 0 -20
137 0 0 -17.5
138 0 0 -15
139 0 0 -12.5
140 0 0 -10
141 0 0 -7.5
142 0 0 -5
143 0 0 -2.5
144 0 0 0
145 0 0 2.5
146 0 0 5
147 0 0 7.5
148 0 0 10
149 0 0 12.5
150 0 0 15
151 0 0 17.5
152 0 0 20
153 2.5 0 -20
154 2.5 0 -17.5
155 2.5 0 -15
156 2.5 0 -12.5
157 2.5 0 -10
158 2.5 0 -7.5
159 2.5 0 -5
160 2.5 0 -2.5
161 2.5 0 0
162 2.5 0 2.5
163 2.5 0 5
164 2.5 0 7.5
165 2.5 0 10
166 2.5 0 12.5
167 2.5 0 15
168 2.5 0 17.5
169 2.5 0 20
170 5 0 -20
171 5 0 -17.5
172 5 0 -15
173 5 0 -12.5
174 5 0 -10
175 5 0 -7.5
176 5 0 -5
177 5 0 -2.5
178 5 0 0
179 5 0 2.5
180 5 0 5
181 5 0 7.5
182 5 0 10
183 5 0 12.5
184 5 0 15
185 5 0 17.5
186 5 0 20
187 7.5 0 -20
188 7.5 0 -17.5
189 7.5 0 -15
190 7.5 0 -12.5
191 7.5 0 -10
192 7.5 0 -7.5
193 7.5 0 -5
194 7.5 0 -2.5
195 7.5 0 0
196 7.5 0 2.5
197 7.5 0 5
198 7.5 0 7.5
199 7.5 0 10
200 7.5 0 12.5
201 7.5 0 15
202 7.5 0 17.5
203 7.5 0 20
204 10 0 -20
205 10 0 -17.5
206 10 0 -15
207 10 0 -12.5
208 10 0 -10
209 10 0 -7.5
210 10 0 -5
211 10 0 -2.5
212 10 0 0
213 10 0 2.5
214 10 0 5
215 10 0 7.5
216 10 0 10
217 10 0 12.5
218 10 0 15
219 10 0 17.5
220 10 0 20
221 12.5 0 -20
222 12.5 0 -17.5
223 12.5 0 -15
224 12.5 0 -12.5
225 12.5 0 -10
226 12.5 0 -7.5
227 12.5 0 -5
228 12.5 0 -2.5
229 12.5 0 0
230 12.5 0 2.5
231 12.5 0 5
232 12.5 0 7.5
233 12.5 0 10
234 12.5 0 12.5
235 12.5 0 15
236 12.5 0 17.5
237 12.5 0 20
238 15 0 -20
239 15 0 -17.5
240 15 0 -15
241 15 0 -12.5
242 15 0 -10
243 15 0 -7.5
244 15 0 -5
245 15 0 -2.5
246 15 0 0
247 15 0 2.5
248 15 0 5
249 15 0 7.5
250 15 0 10
251 15 0 12.5
252 15 0 15
253 15 0 17.5
254 15 0 20
255 17.5 0 -20
256 17.5 0 -17.5
257 17.5 0 -15
258 17.5 0 -12.5
259 17.5 0 -10
260 17.5 0 -7.5
261 17.5 0 -5
262 17.5 0 -2.5
263 17.5 0 0
264 17.5 0 2.5
265 17.5 0 5
266 17.5 0 7.5
267 17.5 0 10
268 17.5 0 12.5
269 17.5 0 15
270 17.5 0 17.5
271 17.5 0 20
272 20 0 -20
273 20 0 -17.5
274 20 0 -15
275 20 0 -12.5
276 20 0 -10
277 20 0 -7.5
278 20 0 -5
279 20 0 -2.5
280 20 0 0
281 20 0 2.5
282 20 0 5
283 20 0 7.5
284 20 0 10
285 20 0 12.5
286 20 0 15
287 20 0 17.5
288 20 0 20
800
1 0
1 2
1 18
1 19
3 2
3 4
3 20
3 21
5 4
5 6
5 22
5 23
7 6
7 8
7 24
7 25
9 8
9 10
9 26
9 27
11 10
11 12
11 28
11 29
13 12
13 14
13 30
13 31
15 14
15 16
15 32
15 33
17 0
17 18
17 34
17 35
18 0
18 36
19 2
19 18
19 20
19 36
19 37
20 2
20 38
21 4
21 20
21 22
21 38
21 39
22 4
22 40
23 6
23 22
23 24
23 40
23 41
24 6
24 42
25 8
25 24
25 26
25 42
25 43
26 8
26 44
27 10
27 26
27 28
27 44
27 45
28 10
28 46
29 12
29 28
29 30
29 46
29 47
30 12
30 48
31 14
31 30
31 32
31 48
31 49
32 14
32 50
33 16
33 32
33 50
35 18
35 34
35 36
35 52
35 53
37 20
37 36
37 38
37 54
37 55
39 22
39 38
39 40
39 56
39 57
41 24
41 40
41 42
41 58
41 59
43 26
43 42
43 44
43 60
43 61
45 28
45 44
45 46
45 62
45 63
47 30
47 46
47 48
47 64
47 65
49 32
49 48
49 50
49 66
49 67
51 34
51 52
51 68
51 69
52 34
52 70
53 36
53 52
53 54
53 70
53 71
54 36
54 72
55 38
55 54
55 56
55 72
55 73
56 38
56 74
57 40
57 56
57 58
57 74
57 75
58 40
58 76
59 42
59 58
59 60
59 76
59 77
60 42
60 78
61 44
61 60
61 62
61 78
61 79
62 44
62 80
63 46
63 62
63 64
63 80
63 81
64 46
64 82
65 48
65 64
65 66
65 82
65 83
66 48
66 84
67 50
67 66
67 84
69 52
69 68
69 70
69 86
69 87
71 54
71 70
71 72
71 88
71 89
73 56
73 72
73 74
73 90
73 91
75 58
75 74
75 76
75 92
75 93
77 60
77 76
77 78
77 94
77 95
79 62
79 78
79 80
79 96
79 97
81 64
81 80
81 82
81 98
81 99
83 66
83 82
83 84
83 100
83 101
85 68
85 86
85 102
85 103
86 68
86 104
87 70
87 86
87 88
87 104
87 105
88 70
88 106
89 72
89 88
89 90
89 106
89 107
90 72
90 108
91 74
91 90
91 92
91 108
91 109
92 74
92 110
93 76
93 92
93 94
93 110
93 111
94 76
94 112
95 78
95 94
95 96
95 112
95 113
96 78
96 114
97 80
97 96
97 98
97 114
97 115
98 80
98 116
99 82
99 98
99 100
99 116
99 117
100 82
100 118
101 84
101 100
101 118
103 86
103 102
103 104
103 120
103 121
105 88
105 104
105 106
105 122
105 123
107 90
107 106
107 108
107 124
107 125
109 92
109 108
109 110
109 126
109 127
111 94
111 110
111 112
111 128
111 129
113 96
113 112
113 114
113 130
113 131
115 98
115 114
115 116
115 132
115 133
117 100
117 116
117 118
117 134
117 135
119 102
119 120
119 136
119 137
120 102
120 138
121 104
121 120
121 122
121 138
121 139
122 104
122 140
123 106
123 122
123 124
123 140
123 141
124 106
124 142
125 108
125 124
125 126
125 142
125 143
126 108
126 144
127 110
127 126
127 128
127 144
127 145
128 110
128 146
129 112
129 128
129 130
129 146
129 147
130 112
130 148
131 114
131 130
131 132
131 148
131 149
132 114
132 150
133 116
133 132
133 134
133 150
133 151
134 116
134 152
135 118
135 134
135 152
137 120
137 136
137 138
137 154
137 155
139 122
139 138
139 140
139 156
139 157
141 124
141 140
141 142
141 158
141 159
143 126
143 142
143 144
143 160
143 161
145 128
145 144
145 146
145 162
145 163
147 130
147 146
147 148
147 164
147 165
149 132
149 148
149 150
149 166
149 167
151 134
151 150
151 152
151 168
151 169
153 136
153 154
153 170
153 171
154 136
154 172
155 138
155 154
155 156
155 172
155 173
156 138
156 174
157 140
157 156
157 158
157 174
157 175
158 140
158 176
159 142
159 158
159 160
159 176
159 177
160 142
160 178
161 144
161 160
161 162
161 178
161 179
162 144
162 180
163 146
163 162
163 164
163 180
163 181
164 146
164 182
165 148
165 164
165 166
165 182
165 183
166 148
166 184
167 150
167 166
167 168
167 184
167 185
168 150
168 186
169 152
169 168
169 186
171 154
171 170
171 172
171 188
171 189
173 156
173 172
173 174
173 190
173 191
175 158
175 174
175 176
175 192
175 193
177 160
177 176
177 178
177 194
177 195
179 162
179 178
179 180
179 196
179 197
181 164
181 180
181 182
181 198
181 199
183 166
183 182
183 184
183 200
183 201
185 168
185 184
185 186
185 202
185 203
187 170
187 188
187 204
187 205
188 170
188 206
189 172
189 188
189 190
189 206
189 207
190 172
190 208
191 174
191 190
191 192
191 208
191 209
192 174
192 210
193 176
193 192
193 194
193 210
193 211
194 176
194 212
195 178
195 194
195 196
195 212
195 213
196 178
196 214
197 180
197 196
197 198
197 214
197 215
198 180
198 216
199 182
199 198
199 200
199 216
199 217
200 182
200 218
201 184
201 200
201 202
201 218
201 219
202 184
202 220
203 186
203 202
203 220
205 188
205 204
205 206
205 222
205 223
207 190
207 206
207 208
207 224
207 225
209 192
209 208
209 210
209 226
209 227
211 194
211 210
211 212
211 228
211 229
213 196
213 212
213 214
213 230
213 231
215 198
215 214
215 216
215 232
215 233
217 200
217 216
217 218
217 234
217 235
219 202
219 218
219 220
219 236
219 237
221 204
221 222
221 238
221 239
222 204
222 240
223 206
223 222
223 224
223 240
223 241
224 206
224 242
225 208
225 224
225 226
225 242
225 243
226 208
226 244
227 210
227 226
227 228
227 244
227 245
228 210
228 246
229 212
229 228
229 230
229 246
229 247
230 212
230 248
231 214
231 230
231 232
231 248
231 249
232 214
232 250
233 216
233 232
233 234
233 250
233 251
234 216
234 252
235 218
235 234
235 236
235 252
235 253
236 218
236 254
237 220
237 236
237 254
239 222
239 238
239 240
239 256
239 257
241 224
241 240
241 242
241 258
241 259
243 226
243 242
243 244
243 260
243 261
245 228
245 244
245 246
245 262
245 263
247 230
247 246
247 248
247 264
247 265
249 232
249 248
249 250
249 266
249 267
251 234
251 250
251 252
251 268
251 269
253 236
253 252
253 254
253 270
253 271
255 238
255 256
255 272
255 273
256 238
256 274
257 240
257 256
257 258
257 274
257 275
258 240
258 276
259 242
259 258
259 260
259 276
259 277
260 242
260 278
261 244
261 260
261 262
261 278
261 279
262 244
262 280
263 246
263 262
263 264
263 280
263 281
264 246
264 282
265 248
265 264
265 266
265 282
265 283
266 248
266 284
267 250
267 266
267 268
267 284
267 285
268 250
268 286
269 252
269 268
269 270
269 286
269 287
270 252
270 288
271 254
271 270
271 288
273 256
273 272
273 274
275 258
275 274
275 276
277 260
277 276
277 278
279 262
279 278
279 280
281 264
281 280
281 282
283 266
283 282
283 284
285 268
285 284
285 286
287 270
287 286
287 288
512
1 18 0
1 18 19
1 19 2
3 20 2
3 20 21
3 21 4
5 22 4
5 22 23
5 23 6
7 24 6
7 24 25
7 25 8
9 26 8
9 26 27
9 27 10
11 28 10
11 28 29
11 29 12
13 30 12
13 30 31
13 31 14
15 32 14
15 32 33
15 33 16
17 18 0
17 18 35
17 35 34
19 18 36
19 20 2
19 20 37
19 37 36
21 20 38
21 22 4
21 22 39
21 39 38
23 22 40
23 24 6
23 24 41
23 41 40
25 24 42
25 26 8
25 26 43
25 43 42
27 26 44
27 28 10
27 28 45
27 45 44
29 28 46
29 30 12
29 30 47
29 47 46
31 30 48
31 32 14
31 32 49
31 49 48
33 32 50
35 18 36
35 52 34
35 52 53
35 53 36
37 20 38
37 54 36
37 54 55
37 55 38
39 22 40
39 56 38
39 56 57
39 57 40
41 24 42
41 58 40
41 58 59
41 59 42
43 26 44
43 60 42
43 60 61
43 61 44
45 28 46
45 62 44
45 62 63
45 63 46
47 30 48
47 64 46
47 64 65
47 65 48
49 32 50
49 66 48
49 66 67
49 67 50
51 52 34
51 52 69
51 69 68
53 52 70
53 54 36
53 54 71
53 71 70
55 54 72
55 56 38
55 56 73
55 73 72
57 56 74
57 58 40
57 58 75
57 75 74
59 58 76
59 60 42
59 60 77
59 77 76
61 60 78
61 62 44
61 62 79
61 79 78
63 62 80
63 64 46
63 64 81
63 81 80
65 64 82
65 66 48
65 66 83
65 83 82
67 66 84
69 52 70
69 86 68
69 86 87
69 87 70
71 54 72
71 88 70
71 88 89
71 89 72
73 56 74
73 90 72
73 90 91
73 91 74
75 58 76
75 92 74
75 92 93
75 93 76
77 60 78
77 94 76
77 94 95
77 95 78
79 62 80
79 96 78
79 96 97
79 97 80
81 64 82
81 98 80
81 98 99
81 99 82
83 66 84
83 100 82
83 100 101
83 101 84
85 86 68
85 86 103
85 103 102
87 86 104
87 88 70
87 88 105
87 105 104
89 88 106
89 90 72
89 90 107
89 107 106
91 90 108
91 92 74
91 92 109
91 109 108
93 92 110
93 94 76
93 94 111
93 111 110
95 94 112
95 96 78
95 96 113
95 113 112
97 96 114
97 98 80
97 98 115
97 115 114
99 98 116
99 100 82
99 100 117
99 117 116
101 100 118
103 86 104
103 120 102
103 120 121
103 121 104
105 88 106
105 122 104
105 122 123
105 123 106
107 90 108
107 124 106
107 124 125
107 125 108
109 92 110
109 126 108
109 126 127
109 127 110
111 94 112
111 128 110
111 128 129
111 129 112
113 96 114
113 130 112
113 130 131
113 131 114
115 98 116
115 132 114
115 132 133
115 133 116
117 100 118
117 134 116
117 134 135
117 135 118
119 120 102
119 120 137
119 137 136
121 120 138
121 122 104
121 122 139
121 139 138
123 122 140
123 124 106
123 124 141
123 141 140
125 124 142
125 126 108
125 126 143
125 143 142
127 126 144
127 128 110
127 128 145
127 145 144
129 128 146
129 130 112
129 130 147
129 147 146
131 130 148
131 132 114
131 132 149
131 149 148
133 132 150
133 134 116
133 134 151
133 151 150
135 134 152
137 120 138
137 154 136
137 154 155
137 155 138
139 122 140
139 156 138
139 156 157
139 157 140
141 124 142
141 158 140
141 158 159
141 159 142
143 126 144
143 160 142
143 160 161
143 161 144
145 128 146
145 162 144
145 162 163
145 163 146
147 130 148
147 164 146
147 164 165
147 165 148
149 132 150
149 166 148
149 166 167
149 167 150
151 134 152
151 168 150
151 168 169
151 169 152
153 154 136
153 154 171
153 171 170
155 154 172
155 156 138
155 156 173
155 173 172
157 156 174
157 158 140
157 158 175
157 175 174
159 158 176
159 160 142
159 160 177
159 177 176
161 160 178
161 162 144
161 162 179
161 179 178
163 162 180
163 164 146
163 164 181
163 181 180
165 164 182
165 166 148
165 166 183
165 183 182
167 166 184
167 168 150
167 168 185
167 185 184
169 168 186
171 154 172
171 188 170
171 188 189
171 189 172
173 156 174
173 190 172
173 190 191
173 191 174
175 158 176
175 192 174
175 192 193
175 193 176
177 160 178
177 194 176
177 194 195
177 195 178
179 162 180
179 196 178
179 196 197
179 197 180
181 164 182
181 198 180
181 198 199
181 199 182
183 166 184
183 200 182
183 200 201
183 201 184
185 168 186
185 202 184
185 202 203
185 203 186
187 188 170
187 188 205
187 205 204
189 188 206
189 190 172
189 190 207
189 207 206
191 190 208
191 192 174
191 192 209
191 209 208
193 192 210
193 194 176
193 194 211
193 211 210
195 194 212
195 196 178
195 196 213
195 213 212
197 196 214
197 198 180
197 198 215
197 215 214
199 198 216
199 200 182
199 200 217
199 217 216
201 200 218
201 202 184
201 202 219
201 219 218
203 202 220
205 188 206
205 222 204
205 222 223
205 223 206
207 190 208
207 224 206
207 224 225
207 225 208
209 192 210
209 226 208
209 226 227
209 227 210
211 194 212
211 228 210
211 228 229
211 229 212
213 196 214
213 230 212
213 230 231
213 231 214
215 198 216
215 232 214
215 232 233
215 233 216
217 200 218
217 234 216
217 234 235
217 235 218
219 202 220
219 236 218
219 236 237
219 237 220
221 222 204
221 222 239
221 239 238
223 222 240
223 224 206
223 224 241
223 241 240
225 224 242
225 226 208
225 226 243
225 243 242
227 226 244
227 228 210
227 228 245
227 245 244
229 228 246
229 230 212
229 230 247
229 247 246
231 230 248
231 232 214
231 232 249
231 249 248
233 232 250
233 234 216
233 234 251
233 251 250
235 234 252
235 236 218
235 236 253
235 253 252
237 236 254
239 222 240
239 256 238
239 256 257
239 257 240
241 224 242
241 258 240
241 258 259
241 259 242
243 226 244
243 260 242
243 260 261
243 261 244
245 228 246
245 262 244
245 262 263
245 263 246
247 230 248
247 264 246
247 264 265
247 265 248
249 232 250
249 266 248
249 266 267
249 267 250
251 234 252
251 268 250
251 268 269
251 269 252
253 236 254
253 270 252
253 270 271
253 271 254
255 256 238
255 256 273
255 273 272
257 256 274
257 258 240
257 258 275
257 275 274
259 258 276
259 260 242
259 260 277
259 277 276
261 260 278
261 262 244
261 262 279
261 279 278
263 262 280
263 264 246
263 264 281
263 281 280
265 264 282
265 266 248
265 266 283
265 283 282
267 266 284
267 268 250
267 268 285
267 285 284
269 268 286
269 270 252
269 270 287
269 287 286
271 270 288
273 256 274
275 258 276
277 260 278
279 262 280
281 264 282
283 266 284
285 268 286
287 270 288
